0 0.515625 0.4390625 0.48125 0.878125
0 0.35703125 0.584375 0.0546875 0.1359375
0 0.3921875 0.2578125 0.03984375 0.04296875
0 0.4296875 0.19765625 0.03984375 0.0625
0 0.45546875 0.603125 0.0828125 0.0828125
0 0.46875 0.4921875 0.0984375 0.11640625
0 0.4640625 0.3265625 0.075 0.07734375
0 0.51796875 0.61171875 0.0296875 0.0515625
0 0.51875 0.15 0.01953125 0.0453125
0 0.54609375 0.603125 0.0328125 0.034375
0 0.55234375 0.43203125 0.04609375 0.12109375
0 0.584375 0.1453125 0.071875 0.09765625
0 0.5921875 0.34453125 0.07734375 0.13046875
0 0.5875 0.60859375 0.06328125 0.0578125
0 0.57421875 0.55078125 0.02890625 0.0328125
0 0.63046875 0.56796875 0.0296875 0.04140625
0 0.64140625 0.47578125 0.0484375 0.09921875
0 0.68125 0.62578125 0.0640625 0.06328125
0 0.671875 0.65234375 0.025 0.0453125
0 0.70625 0.58046875 0.04609375 0.03046875