0 0.028125 0.04765625 0.0359375 0.046875
0 0.03984375 0.159375 0.015625 0.03671875
0 0.13046875 0.21953125 0.0203125 0.02578125
0 0.2046875 0.20546875 0.01484375 0.0328125
0 0.2328125 0.2359375 0.0140625 0.028125
0 0.30078125 0.13515625 0.01953125 0.01484375
0 0.33125 0.165625 0.01953125 0.02109375
0 0.40546875 0.3484375 0.06171875 0.05
0 0.48515625 0.41015625 0.0234375 0.04140625
0 0.50390625 0.21796875 0.02421875 0.02578125
0 0.50390625 0.19140625 0.01953125 0.02421875
0 0.5171875 0.2328125 0.01015625 0.01640625
0 0.525 0.2234375 0.0140625 0.0140625
0 0.55625 0.0796875 0.01796875 0.02421875
0 0.56796875 0.32578125 0.0203125 0.02421875
0 0.565625 0.23359375 0.01328125 0.02421875
0 0.58359375 0.321875 0.01796875 0.02109375
0 0.596875 0.334375 0.015625 0.02890625
0 0.6171875 0.30234375 0.028125 0.02265625
0 0.70390625 0.27890625 0.0359375 0.02734375
0 0.6921875 0.04609375 0.0109375 0.0140625
0 0.71015625 0.053125 0.0203125 0.01640625
0 0.74375 0.0359375 0.01796875 0.02109375
0 0.853125 0.2921875 0.0203125 0.02578125
0 0.87265625 0.3546875 0.02578125 0.02734375
0 0.89375 0.37265625 0.0078125 0.02578125
0 0.95625 0.021875 0.0265625 0.02421875
0 0.9859375 0.39921875 0.0265625 0.02734375