0 0.83203125 0.7703125 0.3046875 0.134375
0 0.06640625 0.3234375 0.1328125 0.1828125
0 0.5015625 0.81015625 0.9953125 0.23828125
0 0.196875 0.55859375 0.221875 0.17734375
0 0.2671875 0.59296875 0.30390625 0.28046875
0 0.2921875 0.29609375 0.2328125 0.109375
0 0.45390625 0.2 0.3546875 0.125
0 0.396875 0.525 0.2203125 0.17109375
0 0.446875 0.45390625 0.15390625 0.08984375
0 0.58515625 0.66875 0.24296875 0.134375
0 0.58671875 0.46484375 0.23046875 0.18125
0 0.84765625 0.2953125 0.25 0.23828125
0 0.7890625 0.30390625 0.11328125 0.1046875
0 0.8359375 0.5546875 0.1703125 0.1734375
0 0.90078125 0.37265625 0.14375 0.13125