0 0.084375 0.3921875 0.1015625 0.16171875
0 0.25859375 0.25625 0.3796875 0.28671875
0 0.19140625 0.715625 0.2046875 0.25703125
0 0.2875 0.48671875 0.1296875 0.2234375
0 0.3875 0.80078125 0.2625 0.18046875
0 0.3015625 0.21484375 0.0890625 0.20859375
0 0.3609375 0.48125 0.0734375 0.09921875
0 0.49921875 0.80703125 0.2109375 0.21796875
0 0.5546875 0.55546875 0.18984375 0.26640625
0 0.5375 0.309375 0.1328125 0.23984375
0 0.6296875 0.775 0.1578125 0.19140625
0 0.74765625 0.8921875 0.31015625 0.196875
0 0.64296875 0.503125 0.0890625 0.0828125
0 0.70234375 0.39296875 0.0625 0.1140625
0 0.7609375 0.6484375 0.0921875 0.09921875
0 0.8390625 0.51875 0.09140625 0.15546875