0 0.49921875 0.49921875 0.9984375 0.9984375
0 0.16484375 0.96796875 0.0296875 0.02890625
0 0.20234375 0.9375 0.06796875 0.06171875
0 0.190625 0.84296875 0.02734375 0.04296875
0 0.24140625 0.846875 0.01328125 0.0390625
0 0.26796875 0.971875 0.0578125 0.0546875
0 0.590625 0.98671875 0.015625 0.02421875
0 0.675 0.034375 0.06875 0.06875
0 0.8 0.525 0.046875 0.03984375
0 0.8109375 0.41875 0.0234375 0.03046875
0 0.93515625 0.79453125 0.046875 0.02421875
0 0.9359375 0.940625 0.040625 0.03515625
0 0.94296875 0.86484375 0.03359375 0.0484375
0 0.9484375 0.97421875 0.03359375 0.0328125
0 0.96328125 0.82890625 0.059375 0.0375
0 0.98203125 0.6328125 0.034375 0.03828125
0 0.9828125 0.959375 0.0328125 0.034375
0 0.98828125 0.8796875 0.02265625 0.02890625