0 0.0203125 0.18515625 0.03984375 0.02578125
0 0.01640625 0.0640625 0.0203125 0.02734375
0 0.028125 0.2015625 0.02421875 0.03671875
0 0.04296875 0.834375 0.0296875 0.053125
0 0.0453125 0.24453125 0.034375 0.02109375
0 0.05546875 0.69453125 0.02734375 0.0296875
0 0.0765625 0.4203125 0.02265625 0.040625
0 0.0859375 0.49765625 0.01953125 0.01796875
0 0.08671875 0.07109375 0.01953125 0.025
0 0.10390625 0.84609375 0.04609375 0.02109375
0 0.12109375 0.0921875 0.015625 0.02890625
0 0.13515625 0.2234375 0.0109375 0.021875
0 0.15 0.7703125 0.0328125 0.0640625
0 0.1453125 0.10234375 0.0125 0.021875
0 0.15234375 0.521875 0.01015625 0.04921875
0 0.18828125 0.021875 0.01875 0.0171875
0 0.2234375 0.08671875 0.0109375 0.009375
0 0.2359375 0.14296875 0.02109375 0.01796875
0 0.2671875 0.02265625 0.01484375 0.0140625
0 0.28828125 0.0390625 0.00703125 0.01328125
0 0.3265625 0.5890625 0.01953125 0.0296875
0 0.35078125 0.753125 0.06171875 0.05625
0 0.34140625 0.11015625 0.0109375 0.0140625
0 0.35625 0.60546875 0.01171875 0.02578125
0 0.384375 0.2875 0.0078125 0.02578125
0 0.39921875 0.1125 0.015625 0.0171875
0 0.39921875 0.36875 0.00703125 0.0234375
0 0.41484375 0.50390625 0.03203125 0.015625
0 0.41953125 0.396875 0.0265625 0.02578125
0 0.43203125 0.54921875 0.02265625 0.0140625
0 0.46171875 0.68359375 0.02734375 0.01796875
0 0.4578125 0.1640625 0.0140625 0.015625
0 0.46171875 0.52578125 0.0140625 0.02578125
0 0.47578125 0.57421875 0.0265625 0.03671875
0 0.49296875 0.40390625 0.0234375 0.01796875
0 0.4953125 0.60078125 0.01953125 0.021875
0 0.4953125 0.6203125 0.01875 0.025
0 0.50078125 0.88671875 0.02265625 0.01796875
0 0.496875 0.734375 0.0109375 0.02109375
0 0.51484375 0.3328125 0.01171875 0.0171875
0 0.515625 0.40859375 0.0078125 0.015625
0 0.53203125 0.22421875 0.01328125 0.02109375
0 0.53984375 0.63125 0.015625 0.03359375
0 0.54609375 0.81328125 0.01484375 0.0375
0 0.55 0.5375 0.01484375 0.02109375
0 0.55078125 0.15078125 0.0140625 0.015625
0 0.5578125 0.75234375 0.00703125 0.01796875
0 0.56328125 0.24140625 0.0078125 0.00625
0 0.56953125 0.94765625 0.015625 0.02734375
0 0.56875 0.35546875 0.0109375 0.02109375
0 0.57890625 0.2734375 0.009375 0.02109375
0 0.58515625 0.60234375 0.0171875 0.025
0 0.58515625 0.81953125 0.0171875 0.025
0 0.58828125 0.46640625 0.01484375 0.01015625
0 0.58671875 0.49375 0.01015625 0.0234375
0 0.59609375 0.20859375 0.00859375 0.01796875
0 0.6078125 0.47265625 0.00703125 0.01015625
0 0.6265625 0.9671875 0.0234375 0.01796875
0 0.63203125 0.5984375 0.02421875 0.01171875
0 0.62890625 0.27890625 0.01171875 0.02109375
0 0.63359375 0.740625 0.01484375 0.02578125
0 0.6421875 0.35703125 0.00703125 0.01015625
0 0.6578125 0.74609375 0.03515625 0.02578125
0 0.65546875 0.3140625 0.0109375 0.015625
0 0.6671875 0.88125 0.01484375 0.040625
0 0.6703125 0.83203125 0.0109375 0.02109375
0 0.67578125 0.3140625 0.01015625 0.01015625
0 0.6921875 0.7921875 0.03046875 0.0171875
0 0.6828125 0.3453125 0.00703125 0.01328125
0 0.69453125 0.76953125 0.015625 0.0078125
0 0.70625 0.98515625 0.0296875 0.025
0 0.696875 0.1125 0.00859375 0.01953125
0 0.696875 0.203125 0.009375 0.01015625
0 0.69921875 0.15 0.0140625 0.025
0 0.70390625 0.2765625 0.0109375 0.0171875
0 0.7078125 0.03125 0.01171875 0.01796875
0 0.7078125 0.24296875 0.01015625 0.01953125
0 0.71796875 0.2734375 0.009375 0.02109375
0 0.7234375 0.21875 0.0015625 0.01015625
0 0.73125 0.35546875 0.0046875 0.0078125
0 0.74375 0.3171875 0.00859375 0.02734375
0 0.7484375 0.28984375 0.0078125 0.01171875
0 0.759375 0.8125 0.02265625 0.0234375
0 0.76484375 0.334375 0.0203125 0.02890625
0 0.76484375 0.36015625 0.00859375 0.01171875
0 0.76796875 0.271875 0.0109375 0.00625
0 0.77421875 0.1390625 0.015625 0.01953125
0 0.79921875 0.95 0.0578125 0.025
0 0.77890625 0.30234375 0.00703125 0.01328125
0 0.79453125 0.690625 0.03828125 0.0171875
0 0.78203125 0.44296875 0.0078125 0.015625
0 0.79375 0.20390625 0.02265625 0.0171875
0 0.790625 0.246875 0.01484375 0.021875
0 0.81640625 0.63125 0.0171875 0.02578125
0 0.834375 0.24375 0.009375 0.009375
0 0.84609375 0.31015625 0.01953125 0.01328125
0 0.85234375 0.24765625 0.0171875 0.015625
0 0.853125 0.1453125 0.01171875 0.00625
0 0.8875 0.76484375 0.034375 0.0171875
0 0.8796875 0.19375 0.0125 0.009375
0 0.88984375 0.47265625 0.034375 0.02890625
0 0.88828125 0.16953125 0.028125 0.02578125
0 0.89921875 0.7 0.01484375 0.0328125
0 0.9046875 0.56484375 0.0265625 0.0234375
0 0.9109375 0.2328125 0.0078125 0.00625
0 0.92265625 0.77265625 0.021875 0.02734375
0 0.93125 0.865625 0.02265625 0.040625
0 0.93125 0.41015625 0.01484375 0.0390625
0 0.93203125 0.0640625 0.0125 0.03671875
0 0.9359375 0.1171875 0.01875 0.01796875
0 0.940625 0.27265625 0.01640625 0.0171875
0 0.94765625 0.2484375 0.02734375 0.03125
0 0.94765625 0.1640625 0.0140625 0.015625
0 0.96953125 0.6265625 0.03828125 0.040625
0 0.975 0.16171875 0.01953125 0.0234375
0 0.9828125 0.82890625 0.03125 0.025
0 0.9859375 0.27109375 0.02265625 0.02109375
0 0.98984375 0.159375 0.01875 0.01953125
0 0.990625 0.209375 0.01640625 0.03125