0 0.128125 0.26953125 0.0703125 0.0328125
0 0.35625 0.034375 0.059375 0.06875
0 0.43671875 0.1109375 0.0328125 0.02265625
0 0.4375 0.65078125 0.0171875 0.0328125
0 0.45625 0.13125 0.01328125 0.03671875
0 0.48046875 0.14765625 0.0203125 0.01875
0 0.48671875 0.1203125 0.028125 0.01953125
0 0.5125 0.10703125 0.01796875 0.01484375
0 0.5203125 0.18515625 0.0234375 0.0203125
0 0.5171875 0.11875 0.0125 0.0234375
0 0.553125 0.4671875 0.06875 0.06171875
0 0.54296875 0.115625 0.028125 0.0203125
0 0.57734375 0.153125 0.0859375 0.15
0 0.559375 0.24140625 0.02421875 0.015625
0 0.5671875 0.265625 0.0140625 0.009375
0 0.58203125 0.2734375 0.02421875 0.021875
0 0.60546875 0.69921875 0.0515625 0.03125
0 0.603125 0.25234375 0.01796875 0.01328125
0 0.61875 0.2890625 0.01796875 0.009375
0 0.62578125 0.2671875 0.021875 0.01328125
0 0.63046875 0.72421875 0.02578125 0.02265625
0 0.64296875 0.2375 0.02578125 0.015625
0 0.64765625 0.2671875 0.01640625 0.009375
0 0.6609375 0.203125 0.03828125 0.03828125
0 0.659375 0.73203125 0.0171875 0.0234375
0 0.675 0.26171875 0.02265625 0.0171875
0 0.6734375 0.2328125 0.0171875 0.01328125
0 0.69609375 0.234375 0.021875 0.01328125
0 0.71328125 0.20390625 0.0234375 0.021875
0 0.7125 0.22265625 0.01953125 0.01484375
0 0.73125 0.25703125 0.01796875 0.0109375
0 0.75 0.24375 0.02578125 0.015625
0 0.7609375 0.2109375 0.015625 0.0109375
0 0.7625 0.18125 0.01796875 0.0203125
0 0.79453125 0.2046875 0.021875 0.01953125
0 0.796875 0.22890625 0.0203125 0.0203125
0 0.81953125 0.2421875 0.01796875 0.025
0 0.8328125 0.21640625 0.01484375 0.01875
0 0.8375 0.19375 0.0234375 0.0234375
0 0.91640625 0.55703125 0.165625 0.39609375
0 0.85625 0.25703125 0.0234375 0.0078125
0 0.859375 0.23515625 0.0265625 0.025
0 0.87109375 0.2703125 0.015625 0.01484375
0 0.8859375 0.2796875 0.01015625 0.01953125
0 0.8921875 0.26015625 0.01953125 0.02421875
0 0.91484375 0.2390625 0.01796875 0.01796875
0 0.9296875 0.25390625 0.0140625 0.0171875
0 0.93515625 0.1953125 0.0046875 0.0234375
0 0.94375 0.171875 0.0203125 0.015625