0 0.0984375 0.97109375 0.15703125 0.0296875
0 0.11015625 0.853125 0.18046875 0.0328125
0 0.10546875 0.81796875 0.1609375 0.02734375
0 0.10390625 0.9296875 0.14609375 0.0140625
0 0.1109375 0.0265625 0.1609375 0.02890625
0 0.5078125 0.50390625 0.75859375 0.6734375
0 0.30625 0.0296875 0.1515625 0.02734375
0 0.4890625 0.02578125 0.175 0.0203125
0 0.4984375 0.971875 0.15703125 0.02734375
0 0.69609375 0.0265625 0.18203125 0.02578125
0 0.8859375 0.96875 0.17109375 0.02421875
0 0.8890625 0.025 0.1640625 0.02890625
0 0.88359375 0.06640625 0.14609375 0.0328125
0 0.89609375 0.1734375 0.15 0.0359375
0 0.88671875 0.24921875 0.1234375 0.0359375
0 0.89375 0.20859375 0.1375 0.0234375