0 0.0078125 0.3640625 0.01484375 0.06328125
0 0.01328125 0.83984375 0.0265625 0.0484375
0 0.0140625 0.73203125 0.028125 0.07890625
0 0.0265625 0.7890625 0.0328125 0.06953125
0 0.03828125 0.35859375 0.0234375 0.096875
0 0.06796875 0.84609375 0.0828125 0.0640625
0 0.0640625 0.259375 0.06171875 0.08515625
0 0.078125 0.13671875 0.0515625 0.046875
0 0.07265625 0.18828125 0.0171875 0.07265625
0 0.09765625 0.59609375 0.02578125 0.06796875
0 0.128125 0.42578125 0.0765625 0.07265625
0 0.1359375 0.6515625 0.0890625 0.04296875
0 0.13125 0.9453125 0.0484375 0.04453125
0 0.1484375 0.5109375 0.0671875 0.0859375
0 0.1640625 0.8140625 0.0671875 0.10703125
0 0.25625 0.66796875 0.02421875 0.0484375
0 0.28203125 0.571875 0.0453125 0.06171875
0 0.2828125 0.09609375 0.0453125 0.0859375
0 0.3078125 0.2375 0.07109375 0.0546875
0 0.3265625 0.79375 0.0625 0.0671875
0 0.34140625 0.49296875 0.0328125 0.09140625
0 0.35 0.7421875 0.046875 0.02734375
0 0.35234375 0.878125 0.0515625 0.08984375
0 0.3953125 0.48828125 0.04609375 0.06328125
0 0.4234375 0.24921875 0.0234375 0.04765625
0 0.4234375 0.46796875 0.0234375 0.0796875
0 0.47421875 0.91328125 0.02734375 0.02734375
0 0.48203125 0.2421875 0.0421875 0.0875
0 0.48203125 0.36796875 0.021875 0.07734375
0 0.503125 0.121875 0.04453125 0.1140625
0 0.52734375 0.771875 0.02421875 0.12578125
0 0.5515625 0.26328125 0.04609375 0.0453125
0 0.56953125 0.63984375 0.02890625 0.0875
0 0.6171875 0.70234375 0.075 0.06484375
0 0.596875 0.28515625 0.0234375 0.0953125
0 0.62421875 0.9609375 0.05546875 0.07578125
0 0.62890625 0.62265625 0.0359375 0.11484375
0 0.71328125 0.62734375 0.0890625 0.09140625
0 0.70625 0.4375 0.0515625 0.0515625
0 0.7078125 0.27578125 0.03359375 0.09609375
0 0.77109375 0.80234375 0.11484375 0.08359375
0 0.76328125 0.6546875 0.0671875 0.0859375
0 0.753125 0.31953125 0.02578125 0.0875
0 0.8734375 0.4171875 0.021875 0.0953125
0 0.90625 0.47265625 0.0484375 0.03984375
0 0.953125 0.80859375 0.05078125 0.07109375
0 0.971875 0.8984375 0.021875 0.040625