0 0.021875 0.39609375 0.04375 0.04140625
0 0.0328125 0.88359375 0.06484375 0.01640625
0 0.0265625 0.4171875 0.0390625 0.021875
0 0.04921875 0.25390625 0.0734375 0.0359375
0 0.07421875 0.61171875 0.1015625 0.02890625
0 0.065625 0.40859375 0.0671875 0.02890625
0 0.11953125 0.490625 0.12421875 0.03046875
0 0.1078125 0.13359375 0.0484375 0.053125
0 0.153125 0.41796875 0.06953125 0.02578125
0 0.221875 0.6203125 0.10078125 0.02265625
0 0.23671875 0.39453125 0.08671875 0.03046875
0 0.24453125 0.81875 0.00859375 0.12578125
0 0.3296875 0.11875 0.11640625 0.034375
0 0.35390625 0.2046875 0.1546875 0.0859375
0 0.346875 0.946875 0.1078125 0.040625
0 0.340625 0.2890625 0.06015625 0.03515625
0 0.3515625 0.3734375 0.07890625 0.05859375
0 0.3796875 0.63359375 0.1265625 0.07578125
0 0.365625 0.453125 0.05703125 0.02109375
0 0.4 0.24140625 0.0578125 0.0953125
0 0.3984375 0.98828125 0.0171875 0.02265625
0 0.44921875 0.83515625 0.11875 0.034375
0 0.44375 0.36796875 0.0890625 0.02890625
0 0.446875 0.04609375 0.08671875 0.0375
0 0.475 0.6828125 0.11640625 0.090625
0 0.51640625 0.09453125 0.059375 0.03046875
0 0.58125 0.29453125 0.09921875 0.0546875
0 0.6453125 0.77109375 0.1609375 0.06953125
0 0.64609375 0.4453125 0.0328125 0.06640625
0 0.740625 0.665625 0.1125 0.07421875
0 0.76328125 0.6328125 0.10859375 0.07421875
0 0.79765625 0.484375 0.0765625 0.084375
0 0.809375 0.834375 0.04375 0.11484375
0 0.87421875 0.88046875 0.10078125 0.02578125
0 0.88359375 0.9734375 0.11484375 0.0515625
0 0.875 0.40546875 0.090625 0.0328125
0 0.9390625 0.8671875 0.0734375 0.07421875
0 0.95078125 0.2046875 0.096875 0.03046875
0 0.953125 0.4578125 0.09296875 0.0375
0 0.97734375 0.28359375 0.04375 0.03046875