0 0.075 0.0578125 0.15 0.1125
0 0.0390625 0.734375 0.0765625 0.21484375
0 0.115625 0.18671875 0.1859375 0.18046875
0 0.13203125 0.90703125 0.21796875 0.18515625
0 0.17734375 0.7796875 0.20078125 0.1203125
0 0.45078125 0.44453125 0.67734375 0.41953125
0 0.16328125 0.04609375 0.10078125 0.0921875
0 0.3796875 0.15859375 0.2453125 0.16484375
0 0.271875 0.0546875 0.02578125 0.08984375
0 0.35703125 0.03984375 0.09296875 0.07890625
0 0.4484375 0.75 0.2515625 0.225
0 0.3859375 0.96484375 0.090625 0.06328125
0 0.446875 0.94453125 0.1578125 0.1046875
0 0.60234375 0.12734375 0.10703125 0.12421875
0 0.70234375 0.9359375 0.209375 0.12578125
0 0.696875 0.66328125 0.171875 0.1078125
0 0.66953125 0.01171875 0.1078125 0.0234375
0 0.709375 0.12734375 0.1078125 0.16484375
0 0.8203125 0.84921875 0.15 0.08046875
0 0.853125 0.090625 0.09296875 0.10703125
0 0.90625 0.4203125 0.1859375 0.19296875
0 0.909375 0.24609375 0.1328125 0.1
0 0.9359375 0.51328125 0.1234375 0.06953125