0 0.12890625 0.9796875 0.0921875 0.0328125
0 0.203125 0.32734375 0.16015625 0.0328125
0 0.25078125 0.3015625 0.1515625 0.06875
0 0.25703125 0.25078125 0.10234375 0.0359375
0 0.3546875 0.846875 0.175 0.0796875
0 0.44375 0.525 0.353125 0.0515625
0 0.31484375 0.3390625 0.07890625 0.03359375
0 0.35859375 0.91953125 0.12578125 0.06796875
0 0.36171875 0.95546875 0.0953125 0.034375
0 0.4046875 0.9734375 0.15703125 0.05234375
0 0.4921875 0.175 0.290625 0.11328125
0 0.45703125 0.8390625 0.13046875 0.0515625
0 0.44140625 0.2859375 0.090625 0.03046875
0 0.4984375 0.09921875 0.19296875 0.11640625
0 0.515625 0.12421875 0.1671875 0.02578125
0 0.50546875 0.6265625 0.13515625 0.075
0 0.5640625 0.87578125 0.203125 0.090625
0 0.54921875 0.2625 0.07421875 0.015625
0 0.56640625 0.3421875 0.0796875 0.0265625
0 0.603125 0.2890625 0.1109375 0.0375
0 0.67109375 0.75546875 0.190625 0.07109375
0 0.6484375 0.8359375 0.128125 0.03046875
0 0.69765625 0.415625 0.12578125 0.08515625
0 0.7265625 0.28671875 0.171875 0.08359375
0 0.87265625 0.09453125 0.10546875 0.0171875
0 0.95234375 0.75625 0.09375 0.0734375
0 0.9671875 0.0625 0.06328125 0.090625
0 0.959375 0.14296875 0.04140625 0.0359375
0 0.9703125 0.2453125 0.05703125 0.01875