0 0.1984375 0.08984375 0.0828125 0.034375
0 0.271875 0.14375 0.0921875 0.0359375
0 0.35546875 0.23828125 0.0140625 0.0953125
0 0.4125 0.49765625 0.09140625 0.05078125
0 0.465625 0.2515625 0.0296875 0.1109375
0 0.546875 0.26953125 0.06953125 0.06015625
0 0.546875 0.36328125 0.009375 0.07578125
0 0.6140625 0.37265625 0.04609375 0.046875
0 0.6171875 0.0859375 0.0515625 0.0828125
0 0.7109375 0.409375 0.05 0.0828125
0 0.81875 0.265625 0.0140625 0.0828125
0 0.890625 0.3375 0.01171875 0.103125
0 0.93125 0.55703125 0.03046875 0.07734375
0 0.94375 0.17265625 0.0078125 0.115625