0 0.2875 0.3078125 0.034375 0.3625
0 0.32109375 0.30234375 0.0390625 0.30078125
0 0.3328125 0.74609375 0.053125 0.30390625
0 0.3625 0.6140625 0.0828125 0.4921875
0 0.35 0.2921875 0.0546875 0.31484375
0 0.38984375 0.275 0.04140625 0.26640625
0 0.4328125 0.58984375 0.0703125 0.40078125
0 0.421875 0.3015625 0.03671875 0.3296875
0 0.4921875 0.65390625 0.125 0.58828125
0 0.45078125 0.25234375 0.02890625 0.240625
0 0.49375 0.2671875 0.06328125 0.27109375
0 0.5234375 0.2828125 0.034375 0.33671875
0 0.565625 0.59375 0.0921875 0.4640625
0 0.5640625 0.2546875 0.01953125 0.228125
0 0.60078125 0.253125 0.08203125 0.359375
0 0.63203125 0.6265625 0.0984375 0.58671875
0 0.65625 0.25859375 0.0453125 0.31640625
0 0.68203125 0.7953125 0.0546875 0.2578125
0 0.684375 0.42578125 0.03828125 0.1703125
0 0.70625 0.2609375 0.06328125 0.33515625