0 0.4984375 0.3390625 0.996875 0.678125
0 0.01015625 0.2078125 0.01953125 0.02421875
0 0.01796875 0.24609375 0.03046875 0.0109375
0 0.0359375 0.48125 0.0328125 0.02265625
0 0.040625 0.5609375 0.034375 0.034375
0 0.05546875 0.28046875 0.02578125 0.0375
0 0.05625 0.16640625 0.028125 0.0125
0 0.071875 0.64765625 0.0515625 0.03515625
0 0.065625 0.24921875 0.021875 0.0171875
0 0.07109375 0.02265625 0.02734375 0.015625
0 0.07890625 0.60703125 0.04296875 0.01953125
0 0.071875 0.35546875 0.0125 0.02890625
0 0.084375 0.42265625 0.0234375 0.015625
0 0.09765625 0.109375 0.0359375 0.03359375
0 0.11328125 0.46015625 0.0234375 0.02265625
0 0.12109375 0.2578125 0.01796875 0.03671875
0 0.14765625 0.34140625 0.0578125 0.05703125
0 0.140625 0.4328125 0.03046875 0.02265625
0 0.14375 0.2546875 0.02421875 0.02421875
0 0.14609375 0.17265625 0.01953125 0.0359375
0 0.1546875 0.14375 0.0359375 0.02578125
0 0.18828125 0.29375 0.0234375 0.01953125
0 0.19765625 0.06796875 0.021875 0.015625
0 0.209375 0.409375 0.0203125 0.02421875
0 0.215625 0.2140625 0.02578125 0.00859375
0 0.21875 0.03359375 0.0296875 0.01171875
0 0.2203125 0.1046875 0.03125 0.01015625
0 0.22578125 0.33203125 0.0390625 0.02421875
0 0.221875 0.1796875 0.0234375 0.01953125
0 0.23984375 0.4578125 0.03125 0.02734375
0 0.2390625 0.3734375 0.01953125 0.02109375
0 0.2375 0.42890625 0.0078125 0.0078125
0 0.253125 0.4296875 0.01953125 0.009375
0 0.271875 0.328125 0.0078125 0.009375
0 0.278125 0.40625 0.0171875 0.0078125
0 0.28125 0.3546875 0.01015625 0.02734375
0 0.2953125 0.34921875 0.0203125 0.0109375
0 0.31875 0.334375 0.0171875 0.01328125
0 0.325 0.11796875 0.0171875 0.015625
0 0.3390625 0.078125 0.01015625 0.01484375
0 0.35 0.315625 0.0234375 0.01796875
0 0.34765625 0.38515625 0.01171875 0.02109375
0 0.353125 0.28046875 0.021875 0.0171875
0 0.35703125 0.09296875 0.015625 0.0140625
0 0.3578125 0.37578125 0.0140625 0.0140625
0 0.37734375 0.08984375 0.03984375 0.03046875
0 0.37421875 0.18515625 0.01796875 0.0296875
0 0.3828125 0.1578125 0.03515625 0.021875
0 0.384375 0.209375 0.0234375 0.01484375
0 0.39375 0.059375 0.0203125 0.01484375
0 0.4140625 0.32421875 0.03125 0.02265625
0 0.41875 0.1234375 0.01953125 0.0140625
0 0.428125 0.38125 0.0328125 0.02265625
0 0.42109375 0.209375 0.015625 0.01484375
0 0.43125 0.18828125 0.028125 0.02421875
0 0.4453125 0.25859375 0.01796875 0.01328125
0 0.4578125 0.01875 0.03125 0.0375
0 0.478125 0.07734375 0.0328125 0.03046875
0 0.471875 0.17890625 0.01796875 0.01328125
0 0.48671875 0.28671875 0.03046875 0.01484375
0 0.503125 0.45703125 0.0234375 0.015625
0 0.4984375 0.41796875 0.0109375 0.01640625
0 0.5265625 0.2578125 0.0234375 0.03046875
0 0.5265625 0.36484375 0.01796875 0.01640625
0 0.5328125 0.121875 0.0140625 0.0140625
0 0.5375 0.2359375 0.0109375 0.01015625
0 0.53984375 0.59765625 0.01328125 0.01640625
0 0.553125 0.259375 0.0109375 0.01484375
0 0.56171875 0.0296875 0.015625 0.01796875
0 0.5671875 0.3421875 0.01953125 0.01328125
0 0.571875 0.1671875 0.02890625 0.034375
0 0.5734375 0.421875 0.0140625 0.01015625
0 0.584375 0.4640625 0.01796875 0.01484375
0 0.5921875 0.659375 0.025 0.02421875
0 0.5921875 0.215625 0.0109375 0.03046875
0 0.60234375 0.02734375 0.0265625 0.0203125
0 0.60078125 0.16328125 0.021875 0.01953125
0 0.60625 0.4359375 0.01171875 0.00703125
0 0.61875 0.5203125 0.03203125 0.028125
0 0.6390625 0.60390625 0.04140625 0.0359375
0 0.6390625 0.21484375 0.02578125 0.01328125
0 0.6453125 0.3234375 0.0234375 0.02109375
0 0.6515625 0.26484375 0.01484375 0.02578125
0 0.68515625 0.26953125 0.0296875 0.02265625
0 0.68046875 0.64765625 0.015625 0.0203125
0 0.71953125 0.421875 0.01953125 0.01328125
0 0.71953125 0.49921875 0.01953125 0.02734375
0 0.72890625 0.2625 0.02734375 0.01796875
0 0.76171875 0.1890625 0.0234375 0.01015625
0 0.78515625 0.65234375 0.0703125 0.03515625
0 0.7640625 0.50390625 0.0203125 0.02578125
0 0.771875 0.36640625 0.0203125 0.01640625
0 0.77890625 0.1546875 0.0171875 0.02734375
0 0.8125 0.4921875 0.0515625 0.02421875
0 0.79765625 0.3515625 0.01796875 0.02109375
0 0.80625 0.51484375 0.025 0.02421875
0 0.81328125 0.41953125 0.015625 0.01796875
0 0.815625 0.09140625 0.0171875 0.02421875
0 0.8421875 0.42421875 0.03359375 0.0390625
0 0.85078125 0.7203125 0.04140625 0.04140625
0 0.87421875 0.16796875 0.0421875 0.02890625
0 0.878125 0.39609375 0.0359375 0.02734375
0 0.88359375 0.28203125 0.01640625 0.02734375
0 0.89765625 0.2234375 0.02421875 0.0140625
0 0.9015625 0.3171875 0.02890625 0.02109375
0 0.91328125 0.26328125 0.034375 0.01640625
0 0.93125 0.215625 0.03203125 0.02109375
0 0.9390625 0.38359375 0.025 0.0171875
0 0.95 0.23515625 0.034375 0.01484375
0 0.95 0.2578125 0.028125 0.02734375
0 0.9609375 0.09296875 0.0390625 0.02734375
0 0.95859375 0.4046875 0.0171875 0.0140625
0 0.959375 0.36640625 0.01796875 0.01640625
0 0.96953125 0.15703125 0.0375 0.02109375
0 0.9828125 0.11015625 0.0328125 0.01328125