0 0.14921875 0.178125 0.0484375 0.02109375
0 0.15390625 0.02890625 0.03984375 0.04296875
0 0.39140625 0.31953125 0.03671875 0.02734375
0 0.42890625 0.3984375 0.05546875 0.03671875
0 0.428125 0.37421875 0.03984375 0.0296875
0 0.49765625 0.09921875 0.0328125 0.0234375
0 0.71953125 0.64921875 0.075 0.0328125
0 0.75703125 0.6875 0.059375 0.02578125
0 0.76484375 0.51328125 0.04375 0.02890625
0 0.81953125 0.6578125 0.05234375 0.02109375
0 0.865625 0.66171875 0.0328125 0.01328125
0 0.8875 0.27578125 0.0171875 0.015625
0 0.9125 0.63125 0.0328125 0.0375
0 0.9140625 0.2390625 0.015625 0.01953125
0 0.94296875 0.2484375 0.02109375 0.01796875
0 0.95859375 0.66015625 0.02421875 0.015625
0 0.98203125 0.6859375 0.02265625 0.03359375