0 0.01640625 0.159375 0.03203125 0.0578125
0 0.02109375 0.19921875 0.0421875 0.02109375
0 0.13203125 0.43984375 0.040625 0.040625
0 0.171875 0.19609375 0.05234375 0.06328125
0 0.184375 0.31328125 0.075 0.065625
0 0.1890625 0.26171875 0.05625 0.04765625
0 0.21796875 0.2203125 0.05234375 0.04140625
0 0.26171875 0.35078125 0.05390625 0.04296875
0 0.296875 0.71171875 0.08125 0.09375
0 0.3390625 0.75703125 0.078125 0.05546875
0 0.3359375 0.3140625 0.0578125 0.084375
0 0.3375 0.25859375 0.0515625 0.04140625
0 0.39609375 0.35703125 0.06640625 0.0453125
0 0.4 0.46875 0.06015625 0.053125
0 0.6203125 0.5046875 0.49453125 0.6640625
0 0.478125 0.2359375 0.11484375 0.13046875
0 0.4734375 0.3921875 0.0578125 0.0515625
0 0.5234375 0.68125 0.078125 0.1203125
0 0.53359375 0.925 0.021875 0.09140625
0 0.5703125 0.284375 0.0640625 0.0734375
0 0.55859375 0.87578125 0.0359375 0.03984375
0 0.57421875 0.221875 0.0515625 0.09453125
0 0.60234375 0.9234375 0.046875 0.08828125