0 0.00703125 0.384375 0.0140625 0.03828125
0 0.025 0.3 0.015625 0.015625
0 0.02890625 0.45859375 0.01484375 0.00703125
0 0.0875 0.34921875 0.03203125 0.0484375
0 0.16328125 0.0484375 0.15546875 0.09609375
0 0.1328125 0.15625 0.08046875 0.040625
0 0.14921875 0.1984375 0.090625 0.0546875
0 0.16875 0.1921875 0.0703125 0.04140625
0 0.165625 0.3953125 0.0453125 0.02734375
0 0.22890625 0.171875 0.09609375 0.04296875
0 0.21640625 0.43125 0.021875 0.0140625
0 0.21796875 0.51015625 0.02265625 0.04296875
0 0.22421875 0.43046875 0.0203125 0.0140625
0 0.24921875 0.11484375 0.059375 0.07890625
0 0.2328125 0.45625 0.021875 0.015625
0 0.2296875 0.453125 0.0078125 0.0140625
0 0.25703125 0.05625 0.05078125 0.0359375
0 0.2546875 0.2453125 0.02265625 0.00859375
0 0.28984375 0.48203125 0.0296875 0.0171875
0 0.28203125 0.2015625 0.00546875 0.0171875
0 0.303125 0.28046875 0.0140625 0.0171875
0 0.31953125 0.475 0.021875 0.0109375
0 0.32109375 0.471875 0.0171875 0.0203125
0 0.3421875 0.275 0.02734375 0.02578125
0 0.3765625 0.5109375 0.04453125 0.034375
0 0.40078125 0.1640625 0.078125 0.0515625
0 0.5171875 0.315625 0.1421875 0.0703125
0 0.64375 0.0390625 0.22265625 0.07734375
0 0.625 0.22578125 0.07109375 0.034375
0 0.6234375 0.11796875 0.01171875 0.0140625
0 0.64609375 0.1546875 0.021875 0.01484375
0 0.67421875 0.3015625 0.03984375 0.03359375
0 0.7140625 0.12265625 0.01171875 0.0125
0 0.72265625 0.3328125 0.0140625 0.01484375
0 0.8484375 0.228125 0.22578125 0.13515625
0 0.81484375 0.3359375 0.0234375 0.021875
0 0.85546875 0.321875 0.04375 0.04921875
0 0.865625 0.3265625 0.04765625 0.03046875
0 0.884375 0.1125 0.021875 0.00703125
0 0.9640625 0.30625 0.0703125 0.04765625
0 0.9875 0.15078125 0.0234375 0.0140625