0 0.39609375 0.1265625 0.5625 0.1171875
0 0.13125 0.0828125 0.26171875 0.02734375
0 0.1515625 0.2 0.303125 0.01875
0 0.21796875 0.12578125 0.4359375 0.0484375
0 0.378125 0.23515625 0.29453125 0.0484375
0 0.415625 0.4 0.11796875 0.0765625
0 0.48828125 0.34296875 0.115625 0.0265625
0 0.5640625 0.25625 0.1078125 0.02578125
0 0.6125 0.31640625 0.1953125 0.04609375
0 0.64765625 0.22109375 0.15078125 0.040625
0 0.809375 0.07578125 0.37890625 0.10546875
0 0.76015625 0.25625 0.171875 0.03046875
0 0.75546875 0.23203125 0.12578125 0.0703125
0 0.90234375 0.325 0.19453125 0.11953125
0 0.90546875 0.1890625 0.18671875 0.05
0 0.95625 0.2171875 0.0859375 0.0359375