0 0.00625 0.75859375 0.0125 0.0296875
0 0.009375 0.2765625 0.01875 0.025
0 0.0109375 0.54140625 0.021875 0.0234375
0 0.01953125 0.35625 0.0390625 0.028125
0 0.02421875 0.4296875 0.0484375 0.04375
0 0.03828125 0.6984375 0.0734375 0.05625
0 0.03125 0.3015625 0.053125 0.028125
0 0.05234375 0.22734375 0.0546875 0.0234375
0 0.06796875 0.4921875 0.0796875 0.015625
0 0.07734375 0.72421875 0.0453125 0.0296875
0 0.08984375 0.2046875 0.0203125 0.01875
0 0.1375 0.39453125 0.08125 0.0265625
0 0.1203125 0.31640625 0.025 0.0265625
0 0.13828125 0.2015625 0.0328125 0.021875
0 0.16875 0.359375 0.046875 0.03125
0 0.2109375 0.48828125 0.046875 0.0296875
0 0.21875 0.30390625 0.0625 0.0296875
0 0.2625 0.4171875 0.046875 0.01875
0 0.28046875 0.2203125 0.0515625 0.015625
0 0.30625 0.31015625 0.021875 0.0109375
0 0.35703125 0.340625 0.0671875 0.01875
0 0.3546875 0.4421875 0.05 0.021875
0 0.38125 0.28125 0.065625 0.01875
0 0.434375 0.3578125 0.05625 0.025
0 0.45390625 0.48671875 0.0546875 0.0328125
0 0.5390625 0.775 0.04375 0.028125
0 0.54140625 0.35390625 0.0484375 0.0171875
0 0.5515625 0.4171875 0.05625 0.028125
0 0.553125 0.38671875 0.04375 0.0265625
0 0.590625 0.53828125 0.084375 0.0671875
0 0.63125 0.76796875 0.05625 0.0140625
0 0.640625 0.70703125 0.05625 0.0328125
0 0.6421875 0.146875 0.05 0.01875
0 0.67109375 0.6640625 0.0453125 0.034375
0 0.77109375 0.72421875 0.0484375 0.0453125
0 0.78359375 0.6796875 0.0640625 0.034375
0 0.79296875 0.43671875 0.0734375 0.0265625
0 0.79375 0.38515625 0.046875 0.0234375
0 0.7984375 0.3046875 0.034375 0.021875
0 0.8015625 0.26171875 0.028125 0.0265625
0 0.8234375 0.46796875 0.05625 0.0234375
0 0.84453125 0.2453125 0.0453125 0.015625
0 0.8640625 0.325 0.075 0.021875
0 0.83671875 0.4453125 0.0140625 0.009375
0 0.87578125 0.6375 0.0640625 0.053125
0 0.86484375 0.4375 0.0140625 0.0125
0 0.90390625 0.5765625 0.0515625 0.028125
0 0.9 0.54296875 0.03125 0.0328125
0 0.91484375 0.71328125 0.0609375 0.0546875
0 0.90546875 0.24765625 0.0234375 0.0203125
0 0.9078125 0.28828125 0.021875 0.0140625
0 0.91875 0.47890625 0.025 0.0265625
0 0.94140625 0.3328125 0.0453125 0.021875
0 0.9625 0.64921875 0.0625 0.0515625
0 0.953125 0.19140625 0.034375 0.0203125
0 0.9640625 0.584375 0.028125 0.03125
0 0.98515625 0.475 0.0265625 0.025
0 0.98671875 0.30703125 0.0234375 0.0171875