0 0.0875 0.8 0.0453125 0.03359375
0 0.28125 0.4734375 0.11171875 0.24375
0 0.31328125 0.665625 0.028125 0.02421875
0 0.515625 0.30234375 0.23046875 0.190625
0 0.51796875 0.08359375 0.021875 0.0125
0 0.5296875 0.859375 0.0265625 0.02734375
0 0.59609375 0.62265625 0.0109375 0.01875
0 0.62421875 0.159375 0.01875 0.009375
0 0.828125 0.565625 0.3421875 0.26640625
0 0.665625 0.18203125 0.01171875 0.01171875
0 0.69453125 0.41484375 0.02421875 0.0140625
0 0.71640625 0.30390625 0.01953125 0.021875
0 0.75546875 0.70625 0.02421875 0.03125
0 0.78046875 0.9859375 0.0234375 0.02578125
0 0.840625 0.825 0.0203125 0.01640625
0 0.8625 0.90546875 0.01796875 0.01640625
0 0.94921875 0.0140625 0.0296875 0.028125