0 0.4546875 0.68046875 0.425 0.63671875
0 0.74609375 0.446875 0.0375 0.034375
0 0.80859375 0.2453125 0.0234375 0.034375
0 0.81171875 0.35 0.0171875 0.025
0 0.8421875 0.12109375 0.00703125 0.0328125
0 0.8578125 0.153125 0.01484375 0.01484375
0 0.8828125 0.4453125 0.0140625 0.03125
0 0.8921875 0.31484375 0.00703125 0.03125
0 0.8984375 0.465625 0.0109375 0.009375
0 0.9171875 0.35703125 0.0203125 0.01953125
0 0.93359375 0.41328125 0.05390625 0.03671875
0 0.97109375 0.81640625 0.0359375 0.08515625
0 0.9828125 0.1484375 0.02265625 0.05234375