0 0.378125 0.33203125 0.75546875 0.6640625
0 0.45703125 0.71640625 0.0328125 0.0734375
0 0.48515625 0.8125 0.0484375 0.10390625
0 0.6890625 0.90078125 0.015625 0.015625
0 0.70859375 0.9359375 0.0234375 0.015625
0 0.78203125 0.4 0.021875 0.02890625
0 0.81484375 0.61953125 0.059375 0.05546875
0 0.8 0.928125 0.01875 0.034375
0 0.81484375 0.1375 0.0203125 0.03125
0 0.8296875 0.2515625 0.04140625 0.04375
0 0.8734375 0.59921875 0.03203125 0.02265625
0 0.8890625 0.525 0.0140625 0.0171875
0 0.93671875 0.4828125 0.0234375 0.025
0 0.93203125 0.7515625 0.0109375 0.04765625
0 0.9546875 0.446875 0.0125 0.03671875
0 0.9671875 0.37578125 0.0140625 0.025
0 0.9859375 0.35703125 0.0125 0.03125