0 0.29296875 0.634375 0.01796875 0.0140625
0 0.3734375 0.47265625 0.0734375 0.02421875
0 0.44765625 0.5109375 0.0234375 0.01328125
0 0.45234375 0.57890625 0.0171875 0.01953125
0 0.503125 0.434375 0.0828125 0.053125
0 0.4765625 0.42578125 0.02265625 0.02265625
0 0.503125 0.35546875 0.053125 0.05859375
0 0.49375 0.678125 0.0203125 0.0140625
0 0.56484375 0.7046875 0.0140625 0.015625
0 0.59140625 0.67265625 0.01953125 0.02734375
0 0.62109375 0.403125 0.0671875 0.07578125
0 0.6671875 0.64765625 0.02734375 0.01484375
0 0.6984375 0.28359375 0.08828125 0.028125
0 0.70625 0.39140625 0.02890625 0.02578125
0 0.7359375 0.4921875 0.07890625 0.059375
0 0.73984375 0.6140625 0.0234375 0.02421875
0 0.7578125 0.5640625 0.04453125 0.03046875
0 0.815625 0.68828125 0.01953125 0.0140625
0 0.9015625 0.38203125 0.025 0.03828125
0 0.94609375 0.58984375 0.03359375 0.05859375