0 0.5 0.66796875 0.99921875 0.559375
0 0.08203125 0.565625 0.084375 0.0625
0 0.1328125 0.63203125 0.10546875 0.04375
0 0.28515625 0.66171875 0.0921875 0.07109375
0 0.31875 0.62421875 0.05078125 0.04140625
0 0.3421875 0.57421875 0.07890625 0.0375
0 0.3734375 0.62734375 0.08984375 0.06015625
0 0.428125 0.63203125 0.08359375 0.05390625
0 0.4515625 0.5609375 0.0953125 0.06328125
0 0.4625 0.71875 0.08984375 0.03984375
0 0.48984375 0.65234375 0.0875 0.0375
0 0.4984375 0.74453125 0.06015625 0.06015625
0 0.534375 0.69375 0.07421875 0.04765625
0 0.56015625 0.65703125 0.05625 0.03125
0 0.603125 0.70546875 0.06875 0.03984375
0 0.5796875 0.59453125 0.02109375 0.05703125
0 0.62421875 0.5953125 0.078125 0.05703125
0 0.6875 0.53671875 0.06015625 0.05
0 0.70390625 0.48203125 0.0703125 0.04921875
0 0.7109375 0.45390625 0.0375 0.05234375
0 0.75 0.5921875 0.08046875 0.053125
0 0.75703125 0.67578125 0.09375 0.04296875
0 0.76171875 0.74453125 0.0640625 0.03828125
0 0.76796875 0.63671875 0.0625 0.04609375
0 0.775 0.371875 0.07421875 0.05234375
0 0.771875 0.48359375 0.05078125 0.06953125
0 0.796875 0.540625 0.07421875 0.03125
0 0.80546875 0.6515625 0.08203125 0.03671875
0 0.7921875 0.84296875 0.04453125 0.11171875
0 0.825 0.5640625 0.09375 0.046875
0 0.83515625 0.4765625 0.03125 0.034375
0 0.86953125 0.4125 0.078125 0.04609375
0 0.8703125 0.76328125 0.06484375 0.096875
0 0.890625 0.7 0.02578125 0.06484375
0 0.953125 0.52421875 0.0921875 0.04140625
0 0.93984375 0.82421875 0.0625 0.1
0 0.98203125 0.70546875 0.03515625 0.05