0 0.525 0.59453125 0.7171875 0.6078125
0 0.0109375 0.22265625 0.021875 0.0671875
0 0.01484375 0.1203125 0.0296875 0.065625
0 0.015625 0.1609375 0.03125 0.05
0 0.0234375 0.040625 0.046875 0.046875
0 0.05625 0.734375 0.1125 0.528125
0 0.0296875 0.42890625 0.04140625 0.0625
0 0.034375 0.34609375 0.02578125 0.0453125
0 0.05390625 0.45703125 0.03359375 0.0671875
0 0.07421875 0.4046875 0.05078125 0.05546875
0 0.0890625 0.2140625 0.06875 0.07265625
0 0.0703125 0.4734375 0.02734375 0.0453125
0 0.09609375 0.0234375 0.065625 0.046875
0 0.109375 0.14453125 0.01953125 0.04453125
0 0.13125 0.52578125 0.06328125 0.06328125
0 0.12890625 0.46328125 0.05703125 0.0453125
0 0.11953125 0.90546875 0.03046875 0.06484375
0 0.1203125 0.06640625 0.0296875 0.0609375
0 0.134375 0.34921875 0.0546875 0.059375
0 0.1640625 0.9765625 0.0734375 0.0453125
0 0.1421875 0.02734375 0.02421875 0.0453125
0 0.15625 0.89375 0.053125 0.0625
0 0.16328125 0.85390625 0.05703125 0.06171875
0 0.15 0.11015625 0.0234375 0.03515625
0 0.159375 0.315625 0.0375 0.053125
0 0.1703125 0.58125 0.0515625 0.0671875
0 0.16796875 0.25390625 0.0375 0.06015625
0 0.196875 0.06796875 0.07890625 0.0671875
0 0.2125 0.4046875 0.0828125 0.06953125
0 0.209375 0.8234375 0.06875 0.0515625
0 0.215625 0.29765625 0.065625 0.059375
0 0.2171875 0.0328125 0.0421875 0.06484375
0 0.23125 0.76015625 0.06171875 0.05703125
0 0.23125 0.12890625 0.05546875 0.0515625
0 0.2390625 0.63046875 0.065625 0.06953125
0 0.2421875 0.2625 0.06640625 0.06640625
0 0.2390625 0.9203125 0.04375 0.0421875
0 0.25625 0.709375 0.0765625 0.05859375
0 0.24765625 0.18671875 0.04375 0.05
0 0.2484375 0.95078125 0.04140625 0.0453125
0 0.275 0.79921875 0.065625 0.05859375
0 0.25546875 0.02890625 0.01796875 0.03203125
0 0.30390625 0.615625 0.0734375 0.0671875
0 0.31015625 0.01640625 0.0703125 0.02890625
0 0.3171875 0.16171875 0.07109375 0.0546875
0 0.30546875 0.2828125 0.04375 0.07421875
0 0.32421875 0.91328125 0.05703125 0.053125
0 0.3421875 0.3421875 0.0921875 0.06171875
0 0.32109375 0.94921875 0.02109375 0.0359375
0 0.3421875 0.9859375 0.04140625 0.021875
0 0.3875 0.55078125 0.128125 0.09296875
0 0.3734375 0.13828125 0.07265625 0.07578125
0 0.36953125 0.71171875 0.0609375 0.07734375
0 0.3796875 0.25390625 0.025 0.04296875
0 0.4171875 0.82265625 0.0875 0.05546875
0 0.38671875 0.0296875 0.0234375 0.059375
0 0.3984375 0.88203125 0.03984375 0.06171875
0 0.40859375 0.04921875 0.0265625 0.05
0 0.43203125 0.890625 0.0671875 0.05
0 0.45 0.72265625 0.09921875 0.06640625
0 0.475 0.01875 0.08984375 0.0375
0 0.4875 0.07265625 0.10703125 0.07109375
0 0.46875 0.9671875 0.05703125 0.0546875
0 0.4640625 0.1671875 0.04140625 0.05
0 0.50078125 0.18515625 0.0390625 0.06640625
0 0.53359375 0.321875 0.0296875 0.0546875
0 0.578125 0.28515625 0.04375 0.04296875
0 0.57578125 0.221875 0.0234375 0.0515625
0 0.5921875 0.49140625 0.0328125 0.05703125
0 0.5921875 0.0546875 0.02890625 0.03828125
0 0.60703125 0.97421875 0.0390625 0.05
0 0.6046875 0.103125 0.0140625 0.06484375
0 0.625 0.15234375 0.03359375 0.08046875
0 0.63203125 0.30390625 0.02734375 0.0359375
0 0.63828125 0.01875 0.03515625 0.0375
0 0.64296875 0.38203125 0.04453125 0.05
0 0.63515625 0.98359375 0.02578125 0.03203125
0 0.66171875 0.42109375 0.05078125 0.05
0 0.66484375 0.48515625 0.0359375 0.065625
0 0.68046875 0.15078125 0.0421875 0.053125
0 0.6921875 0.2234375 0.0265625 0.06953125
0 0.7328125 0.74140625 0.07890625 0.07109375
0 0.70390625 0.15234375 0.01953125 0.04296875
0 0.75703125 0.878125 0.1234375 0.08984375
0 0.75 0.065625 0.09296875 0.0625
0 0.7234375 0.9609375 0.03359375 0.0546875
0 0.759375 0.22578125 0.09453125 0.0828125
0 0.775 0.32109375 0.03203125 0.08046875
0 0.8046875 0.9828125 0.04765625 0.03359375
0 0.8078125 0.153125 0.03515625 0.07890625
0 0.8203125 0.95546875 0.0359375 0.06796875
0 0.83828125 0.2078125 0.05078125 0.053125
0 0.87109375 0.11328125 0.05546875 0.0359375
0 0.865625 0.23046875 0.0375 0.04140625
0 0.87421875 0.92734375 0.04921875 0.06328125
0 0.8703125 0.2796875 0.03515625 0.053125
0 0.86875 0.371875 0.0203125 0.0515625
0 0.88359375 0.02265625 0.05 0.04140625
0 0.8984375 0.03671875 0.065625 0.0734375
0 0.93671875 0.09296875 0.0609375 0.05546875
0 0.94375 0.27265625 0.0546875 0.0578125
0 0.9609375 0.81640625 0.0765625 0.134375
0 0.96328125 0.19375 0.03359375 0.07109375
0 0.9796875 0.0203125 0.03984375 0.040625
0 0.9859375 0.0703125 0.0265625 0.05