0 0.2453125 0.13984375 0.01875 0.06015625
0 0.27421875 0.01484375 0.0359375 0.0296875
0 0.31640625 0.684375 0.015625 0.03046875
0 0.33515625 0.17109375 0.028125 0.03984375
0 0.35546875 0.528125 0.028125 0.01953125
0 0.37890625 0.0390625 0.02265625 0.02890625
0 0.390625 0.46640625 0.01796875 0.021875
0 0.4 0.6828125 0.02734375 0.009375
0 0.4421875 0.06328125 0.0296875 0.028125
0 0.44375 0.6671875 0.01171875 0.03125
0 0.4703125 0.03828125 0.009375 0.02265625
0 0.49609375 0.14921875 0.0171875 0.03359375
0 0.50234375 0.11015625 0.021875 0.01953125
0 0.5171875 0.0421875 0.0140625 0.01484375
0 0.5296875 0.12421875 0.009375 0.040625
0 0.5640625 0.509375 0.015625 0.01171875
0 0.575 0.565625 0.021875 0.0234375
0 0.5703125 0.75390625 0.01015625 0.053125
0 0.66171875 0.7515625 0.015625 0.02265625
0 0.90703125 0.4140625 0.04375 0.06328125