0 0.41015625 0.4921875 0.4484375 0.225
0 0.31015625 0.74453125 0.2859375 0.1546875
0 0.28828125 0.86640625 0.2265625 0.1265625
0 0.3265625 0.64140625 0.265625 0.140625
0 0.35546875 0.2328125 0.1859375 0.08671875
0 0.36953125 0.284375 0.2140625 0.09609375
0 0.3953125 0.36171875 0.23125 0.10078125
0 0.4703125 0.8921875 0.23125 0.1546875
0 0.58515625 0.75859375 0.2921875 0.16875
0 0.57421875 0.6203125 0.2484375 0.1453125
0 0.59375 0.4078125 0.225 0.2765625
0 0.58984375 0.31953125 0.2078125 0.18984375
0 0.60625 0.24921875 0.184375 0.12890625
0 0.609375 0.878125 0.159375 0.2390625