0 0.0375 0.19140625 0.075 0.0765625
0 0.05625 0.45703125 0.1125 0.1046875
0 0.1109375 0.33203125 0.221875 0.1984375
0 0.1234375 0.1359375 0.1890625 0.07890625
0 0.54375 0.53828125 0.9109375 0.56796875
0 0.51953125 0.08359375 0.24140625 0.16640625
0 0.51796875 0.978125 0.2234375 0.04140625
0 0.47734375 0.81171875 0.0921875 0.15703125
0 0.78515625 0.04921875 0.2421875 0.0984375
0 0.8015625 0.809375 0.2671875 0.17890625
0 0.9046875 0.97109375 0.0828125 0.05546875
0 0.946875 0.146875 0.10546875 0.19453125