0 0.0171875 0.03046875 0.0296875 0.03203125
0 0.053125 0.37265625 0.0234375 0.0359375
0 0.075 0.29375 0.059375 0.0359375
0 0.11953125 0.08046875 0.0203125 0.03203125
0 0.1578125 0.36484375 0.0375 0.04140625
0 0.590625 0.1953125 0.8171875 0.390625
0 0.221875 0.51328125 0.021875 0.02421875
0 0.23125 0.4734375 0.0171875 0.02734375
0 0.29140625 0.3140625 0.0953125 0.06015625
0 0.26484375 0.35859375 0.03515625 0.0328125
0 0.26953125 0.48046875 0.0203125 0.0171875
0 0.29609375 0.52265625 0.01171875 0.01796875
0 0.340625 0.509375 0.0390625 0.034375
0 0.36953125 0.41328125 0.03203125 0.02109375
0 0.390625 0.6828125 0.015625 0.02265625
0 0.409375 0.5265625 0.0453125 0.02578125
0 0.3953125 0.44296875 0.0140625 0.01171875
0 0.428125 0.37890625 0.0171875 0.02109375
0 0.43125 0.35625 0.0203125 0.02421875
0 0.45390625 0.503125 0.0546875 0.034375
0 0.4875 0.85390625 0.06328125 0.06171875
0 0.46796875 0.55859375 0.0171875 0.02890625
0 0.46875 0.35703125 0.0140625 0.02890625
0 0.48125 0.78203125 0.021875 0.03046875
0 0.484375 0.39140625 0.0265625 0.01171875
0 0.48515625 0.47890625 0.028125 0.02734375
0 0.49375 0.56484375 0.0171875 0.02109375
0 0.503125 0.31640625 0.01328125 0.01640625
0 0.515625 0.73671875 0.03515625 0.034375
0 0.51875 0.365625 0.02890625 0.01796875
0 0.5484375 0.3296875 0.0203125 0.015625
0 0.559375 0.44453125 0.0203125 0.02734375
0 0.5921875 0.90234375 0.0671875 0.08984375
0 0.584375 0.60546875 0.0453125 0.0453125
0 0.584375 0.3609375 0.01796875 0.01484375
0 0.6296875 0.50390625 0.0140625 0.009375
0 0.6515625 0.53515625 0.0359375 0.0171875
0 0.64453125 0.58203125 0.0171875 0.02421875
0 0.6484375 0.55703125 0.025 0.015625
0 0.65234375 0.478125 0.0203125 0.02578125
0 0.66484375 0.41328125 0.015625 0.01015625
0 0.66953125 0.6078125 0.00625 0.0375
0 0.71875 0.4921875 0.021875 0.01640625
0 0.75 0.68828125 0.04609375 0.02578125
0 0.74609375 0.746875 0.0203125 0.034375
0 0.7625 0.77734375 0.05390625 0.03203125
0 0.7515625 0.39609375 0.0234375 0.02734375
0 0.759375 0.4671875 0.02421875 0.01796875
0 0.7640625 0.490625 0.0234375 0.02421875
0 0.75625 0.5703125 0.003125 0.02578125
0 0.76875 0.60390625 0.00625 0.02578125
0 0.784375 0.65078125 0.02734375 0.0203125
0 0.8203125 0.76875 0.04765625 0.09453125
0 0.83515625 0.4984375 0.046875 0.02578125
0 0.8359375 0.99453125 0.0390625 0.009375
0 0.846875 0.85703125 0.015625 0.01484375
0 0.859375 0.61796875 0.0375 0.03046875
0 0.8765625 0.54609375 0.02578125 0.01640625
0 0.88125 0.5921875 0.03515625 0.02109375
0 0.87890625 0.65859375 0.0203125 0.015625
0 0.89375 0.56796875 0.0328125 0.02734375
0 0.9109375 0.36953125 0.02421875 0.01171875
0 0.92734375 0.5140625 0.03984375 0.015625
0 0.9203125 0.39296875 0.0234375 0.01796875
0 0.92265625 0.4546875 0.02734375 0.0171875
0 0.921875 0.36328125 0.02109375 0.01015625
0 0.92578125 0.99140625 0.01796875 0.015625
0 0.9375 0.77109375 0.0390625 0.02734375
0 0.95078125 0.6828125 0.0609375 0.02890625
0 0.95625 0.52578125 0.0328125 0.02421875
0 0.95 0.3671875 0.015625 0.01484375
0 0.95546875 0.4203125 0.0234375 0.02109375
0 0.971875 0.5703125 0.01953125 0.0203125
0 0.98828125 0.46484375 0.01953125 0.01328125
0 0.9890625 0.53359375 0.0203125 0.02109375
0 0.990625 0.56796875 0.0171875 0.02109375