0 0.29921875 0.18046875 0.5609375 0.3609375
0 0.18828125 0.04765625 0.0546875 0.0859375
0 0.25625 0.33828125 0.0375 0.02578125
0 0.26171875 0.06796875 0.0359375 0.0640625
0 0.28671875 0.64375 0.08515625 0.0609375
0 0.33984375 0.07578125 0.0453125 0.06171875
0 0.47109375 0.54140625 0.26875 0.0953125
0 0.371875 0.0109375 0.028125 0.021875
0 0.3875 0.04375 0.01796875 0.0359375
0 0.421875 0.84921875 0.07734375 0.05859375
0 0.42421875 0.6609375 0.07265625 0.0625
0 0.453125 0.07734375 0.01796875 0.02734375
0 0.48984375 0.125 0.0484375 0.046875
0 0.4875 0.1703125 0.02421875 0.0515625
0 0.58515625 0.03828125 0.0890625 0.07578125
0 0.621875 0.0921875 0.0109375 0.04609375
0 0.67578125 0.359375 0.05546875 0.05
0 0.665625 0.7140625 0.01171875 0.02265625
0 0.66953125 0.74375 0.01640625 0.0375
0 0.68125 0.68984375 0.01953125 0.0359375
0 0.69296875 0.13046875 0.03125 0.03515625
0 0.68671875 0.26015625 0.0125 0.01640625
0 0.69453125 0.70078125 0.0203125 0.028125
0 0.69140625 0.23203125 0.0109375 0.02109375
0 0.7125 0.728125 0.0171875 0.03828125
0 0.7265625 0.62109375 0.03359375 0.03984375
0 0.72265625 0.2328125 0.0109375 0.02265625
0 0.75234375 0.27109375 0.0140625 0.01953125
0 0.75625 0.23515625 0.01328125 0.021875
0 0.7671875 0.7578125 0.0234375 0.02109375
0 0.77734375 0.1203125 0.01328125 0.02734375