0 0.51796875 0.3828125 0.06640625 0.028125
0 0.5625 0.58046875 0.0203125 0.028125
0 0.79296875 0.07265625 0.4109375 0.14140625
0 0.62421875 0.55859375 0.02109375 0.0265625
0 0.684375 0.575 0.03359375 0.03359375
0 0.7140625 0.31796875 0.0671875 0.0296875
0 0.74921875 0.72578125 0.0265625 0.01796875
0 0.76640625 0.5390625 0.02734375 0.03515625
0 0.7921875 0.35390625 0.05625 0.0484375
0 0.840625 0.33671875 0.06875 0.03359375
0 0.9078125 0.89453125 0.02890625 0.03828125
0 0.9640625 0.79921875 0.025 0.0453125
0 0.9828125 0.53984375 0.0328125 0.046875