0 0.01015625 0.46171875 0.0203125 0.02734375
0 0.2109375 0.43515625 0.01484375 0.021875
0 0.25078125 0.41953125 0.040625 0.02421875
0 0.27109375 0.43359375 0.01015625 0.0421875
0 0.29921875 0.421875 0.0140625 0.01484375
0 0.35390625 0.328125 0.12421875 0.134375
0 0.3046875 0.4421875 0.01328125 0.025
0 0.49453125 0.8328125 0.34609375 0.33203125
0 0.44453125 0.23671875 0.20234375 0.1359375
0 0.4796875 0.5421875 0.2546875 0.23671875
0 0.46171875 0.16171875 0.1828125 0.06640625
0 0.55625 0.85703125 0.0640625 0.1734375
0 0.8546875 0.8546875 0.2890625 0.28828125