0 0.04375 0.24921875 0.0859375 0.06953125
0 0.04375 0.77421875 0.0671875 0.0734375
0 0.08828125 0.41953125 0.08203125 0.05625
0 0.49921875 0.4828125 0.89609375 0.34140625
0 0.41328125 0.03515625 0.10859375 0.0703125
0 0.465625 0.225 0.10390625 0.09765625
0 0.6203125 0.37265625 0.1140625 0.084375
0 0.6421875 0.64375 0.065625 0.0734375
0 0.67578125 0.55390625 0.0625 0.059375
0 0.69375 0.38671875 0.034375 0.0515625
0 0.7234375 0.61875 0.03125 0.0421875
0 0.74375 0.55859375 0.03828125 0.05703125
0 0.7546875 0.51484375 0.05859375 0.04609375
0 0.7609375 0.6234375 0.05625 0.059375
0 0.7625 0.678125 0.0578125 0.065625
0 0.81875 0.71015625 0.0703125 0.075
0 0.84375 0.8078125 0.0640625 0.05625
0 0.84375 0.609375 0.040625 0.09765625
0 0.90390625 0.21953125 0.1578125 0.159375
0 0.89140625 0.69453125 0.071875 0.06015625
0 0.91015625 0.8046875 0.0625 0.05078125
0 0.934375 0.32109375 0.0703125 0.05546875
0 0.9703125 0.88125 0.0578125 0.07890625