0 0.2640625 0.684375 0.196875 0.15078125
0 0.2234375 0.31328125 0.15390625 0.11015625
0 0.43046875 0.59765625 0.13046875 0.09296875
0 0.4640625 0.734375 0.184375 0.07109375
0 0.54140625 0.3671875 0.18203125 0.12734375
0 0.51640625 0.61484375 0.11640625 0.065625
0 0.61640625 0.58125 0.246875 0.08046875
0 0.67421875 0.44921875 0.2 0.0890625
0 0.65625 0.62578125 0.1296875 0.05
0 0.6515625 0.5328125 0.10234375 0.0671875
0 0.72421875 0.46796875 0.2015625 0.08984375
0 0.7171875 0.29921875 0.065625 0.09609375
0 0.79296875 0.68203125 0.07890625 0.13046875
0 0.87421875 0.45234375 0.11953125 0.1671875