0 0.05703125 0.2921875 0.1140625 0.26015625
0 0.19296875 0.25390625 0.3859375 0.5078125
0 0.5015625 0.4703125 0.99609375 0.93984375
0 0.2296875 0.0609375 0.27578125 0.121875
0 0.36015625 0.72265625 0.4046875 0.49140625
0 0.63515625 0.51328125 0.6328125 0.66328125
0 0.428125 0.15703125 0.171875 0.3140625
0 0.74453125 0.16875 0.4078125 0.3375
0 0.63515625 0.7734375 0.1328125 0.10625
0 0.740625 0.371875 0.1984375 0.5765625
0 0.9296875 0.2703125 0.1390625 0.2578125
0 0.96796875 0.525 0.06328125 0.24765625