0 0.3484375 0.1203125 0.2421875 0.153125
0 0.059375 0.31953125 0.11875 0.15703125
0 0.1859375 0.4375 0.12890625 0.096875
0 0.17578125 0.96796875 0.0734375 0.05703125
0 0.18203125 0.2875 0.07265625 0.0796875
0 0.184375 0.07890625 0.0671875 0.11640625
0 0.24765625 0.9578125 0.09296875 0.08359375
0 0.2625 0.303125 0.0859375 0.0625
0 0.2734375 0.7046875 0.0640625 0.08828125
0 0.290625 0.5171875 0.0515625 0.05
0 0.34609375 0.728125 0.08359375 0.071875
0 0.42890625 0.40703125 0.0703125 0.0609375
0 0.46328125 0.28671875 0.0640625 0.06640625
0 0.5578125 0.20859375 0.15234375 0.1
0 0.525 0.4578125 0.07578125 0.0890625
0 0.54375 0.64453125 0.065625 0.103125
0 0.57734375 0.37421875 0.0515625 0.084375
0 0.67421875 0.55 0.2390625 0.24296875
0 0.69140625 0.1203125 0.12265625 0.065625
0 0.71484375 0.11953125 0.15234375 0.1125
0 0.7078125 0.684375 0.0484375 0.0421875
0 0.71171875 0.828125 0.03515625 0.0546875
0 0.74375 0.86171875 0.0796875 0.0671875
0 0.80078125 0.1 0.08515625 0.11015625
0 0.815625 0.546875 0.096875 0.06640625
0 0.834375 0.23671875 0.0296875 0.05703125
0 0.85859375 0.7828125 0.0359375 0.02265625
0 0.89296875 0.44140625 0.0578125 0.08828125
0 0.94140625 0.65078125 0.10390625 0.0515625
0 0.94296875 0.11875 0.06875 0.04453125
0 0.94375 0.0296875 0.06171875 0.05703125
0 0.96875 0.14375 0.05546875 0.0359375
0 0.97265625 0.93359375 0.053125 0.096875
0 0.98828125 0.37890625 0.021875 0.040625
0 0.9890625 0.53828125 0.0203125 0.05
0 0.990625 0.25390625 0.0171875 0.0359375