0 0.059375 0.8953125 0.071875 0.09609375
0 0.196875 0.66953125 0.1640625 0.07578125
0 0.184375 0.8078125 0.1234375 0.06171875
0 0.2328125 0.95234375 0.16953125 0.09296875
0 0.303125 0.56171875 0.146875 0.0578125
0 0.62421875 0.3890625 0.75078125 0.18984375
0 0.44921875 0.6703125 0.18828125 0.1
0 0.47109375 0.58203125 0.19609375 0.103125
0 0.5859375 0.5734375 0.2046875 0.096875
0 0.684375 0.66015625 0.1890625 0.09453125
0 0.72109375 0.54296875 0.1796875 0.07734375
0 0.8078125 0.675 0.12109375 0.08984375
0 0.946875 0.72421875 0.103125 0.06328125
0 0.98828125 0.60625 0.021875 0.040625