0 0.25234375 0.77109375 0.48515625 0.38203125
0 0.0515625 0.61015625 0.10234375 0.2375
0 0.03671875 0.16640625 0.04140625 0.05390625
0 0.04453125 0.4875 0.04375 0.06796875
0 0.0546875 0.3125 0.03984375 0.07109375
0 0.0734375 0.1484375 0.02734375 0.04609375
0 0.0953125 0.48046875 0.0609375 0.05390625
0 0.09296875 0.53046875 0.05390625 0.04296875
0 0.10859375 0.6140625 0.0671875 0.06796875
0 0.1203125 0.37265625 0.05 0.06640625
0 0.3453125 0.47421875 0.3375 0.38359375
0 0.209375 0.0546875 0.0640625 0.10859375
0 0.29921875 0.01328125 0.0265625 0.0265625
0 0.3234375 0.0671875 0.0421875 0.0234375
0 0.46171875 0.19296875 0.2765625 0.35703125
0 0.58046875 0.16328125 0.2640625 0.31953125
0 0.5171875 0.88828125 0.0234375 0.0265625
0 0.5859375 0.9328125 0.0421875 0.04140625
0 0.61171875 0.54609375 0.0734375 0.05390625
0 0.6515625 0.73515625 0.0640625 0.05546875
0 0.6703125 0.90859375 0.0953125 0.0640625
0 0.6796875 0.6390625 0.05390625 0.05
0 0.734375 0.65859375 0.04140625 0.05390625
0 0.790625 0.2234375 0.11640625 0.075
0 0.8515625 0.86328125 0.0734375 0.1265625
0 0.87109375 0.02265625 0.1125 0.04453125
0 0.8828125 0.59921875 0.08515625 0.06640625
0 0.89453125 0.47421875 0.0390625 0.04140625
0 0.928125 0.1046875 0.05625 0.06953125
0 0.98125 0.7484375 0.03515625 0.0609375
0 0.98671875 0.2 0.0234375 0.04609375