0 0.1890625 0.7515625 0.378125 0.49453125
0 0.38203125 0.33359375 0.0203125 0.01796875
0 0.384375 0.546875 0.0109375 0.01015625
0 0.3953125 0.75234375 0.0109375 0.01953125
0 0.3953125 0.784375 0.0109375 0.01953125
0 0.3984375 0.63515625 0.0078125 0.01015625
0 0.40234375 0.453125 0.015625 0.01015625
0 0.4 0.4265625 0.0046875 0.0140625
0 0.40859375 0.7203125 0.0125 0.0234375
0 0.4109375 0.58359375 0.01171875 0.03671875
0 0.4203125 0.69921875 0.0125 0.0234375
0 0.4203125 0.4359375 0.00859375 0.01328125
0 0.42109375 0.63984375 0.003125 0.00625
0 0.42578125 0.3890625 0.01171875 0.009375
0 0.428125 0.9265625 0.01484375 0.0171875
0 0.43203125 0.01015625 0.0203125 0.0203125
0 0.43125 0.54140625 0.00859375 0.0296875
0 0.434375 0.4046875 0.0046875 0.015625
0 0.4453125 0.671875 0.02578125 0.02890625
0 0.44375 0.221875 0.01484375 0.01171875
0 0.4515625 0.496875 0.0078125 0.0140625
0 0.45234375 0.3015625 0.0046875 0.0140625
0 0.46171875 0.8265625 0.01875 0.053125
0 0.45859375 0.52890625 0.00703125 0.03359375
0 0.47421875 0.32265625 0.02265625 0.01796875
0 0.4765625 0.8453125 0.015625 0.0703125
0 0.47734375 0.63125 0.01640625 0.021875
0 0.47734375 0.603125 0.01484375 0.0140625
0 0.496875 0.68984375 0.028125 0.0234375
0 0.49296875 0.02265625 0.01171875 0.00625
0 0.5015625 0.11171875 0.02265625 0.02109375
0 0.51640625 0.515625 0.01875 0.03359375
0 0.5265625 0.78125 0.01484375 0.0234375
0 0.5375 0.0046875 0.01640625 0.009375
0 0.5484375 0.7796875 0.01875 0.04453125
0 0.565625 0.9859375 0.01640625 0.0234375
0 0.58203125 0.24765625 0.0453125 0.03359375
0 0.58984375 0.3171875 0.0234375 0.03515625
0 0.6296875 0.99296875 0.0265625 0.01171875
0 0.65546875 0.8875 0.03671875 0.0171875
0 0.66171875 0.74765625 0.02421875 0.03125
0 0.66328125 0.84375 0.0265625 0.02109375
0 0.70234375 0.64609375 0.0359375 0.0296875
0 0.69765625 0.790625 0.0140625 0.0453125
0 0.703125 0.89140625 0.0234375 0.040625
0 0.7203125 0.1734375 0.025 0.03671875
0 0.7921875 0.42109375 0.05625 0.0171875
0 0.79140625 0.93828125 0.02265625 0.0328125
0 0.80390625 0.98671875 0.01015625 0.0234375
0 0.8375 0.2671875 0.0203125 0.021875
0 0.853125 0.0203125 0.0328125 0.021875
0 0.85703125 0.72578125 0.03203125 0.0640625
0 0.8875 0.34609375 0.04296875 0.03359375
0 0.921875 0.07734375 0.046875 0.02734375
0 0.9515625 0.0171875 0.05 0.034375
0 0.975 0.5453125 0.0328125 0.078125
0 0.975 0.33515625 0.02578125 0.053125