0 0.25546875 0.80390625 0.16328125 0.14609375
0 0.06796875 0.4703125 0.03125 0.02421875
0 0.1359375 0.4296875 0.0140625 0.02265625
0 0.13671875 0.48671875 0.0078125 0.03046875
0 0.184375 0.45859375 0.0234375 0.02890625
0 0.19375 0.50234375 0.034375 0.01953125
0 0.23046875 0.5578125 0.05078125 0.034375
0 0.25 0.578125 0.03046875 0.02265625
0 0.259375 0.50625 0.0203125 0.02734375
0 0.30390625 0.478125 0.02734375 0.02578125
0 0.3890625 0.64453125 0.0609375 0.04140625
0 0.38828125 0.459375 0.02578125 0.040625
0 0.4375 0.48125 0.0234375 0.01953125
0 0.47890625 0.81796875 0.0390625 0.1171875