0 0.65234375 0.70625 0.109375 0.075
0 0.04765625 0.15859375 0.025 0.0109375
0 0.1203125 0.6609375 0.11328125 0.0609375
0 0.1078125 0.271875 0.015625 0.02265625
0 0.11171875 0.17734375 0.02109375 0.0265625
0 0.21484375 0.21796875 0.08046875 0.0625
0 0.3671875 0.3171875 0.08046875 0.05078125
0 0.40078125 0.21875 0.015625 0.01171875
0 0.4046875 0.52578125 0.02109375 0.02265625
0 0.41171875 0.49609375 0.01328125 0.01171875
0 0.425 0.4234375 0.02734375 0.03125
0 0.421875 0.4828125 0.015625 0.0109375
0 0.4734375 0.478125 0.0140625 0.015625
0 0.54765625 0.5015625 0.06640625 0.0515625
0 0.52578125 0.56328125 0.02109375 0.015625
0 0.5640625 0.85546875 0.02734375 0.0296875
0 0.590625 0.5078125 0.0171875 0.01171875
0 0.615625 0.553125 0.02109375 0.02265625
0 0.6578125 0.93828125 0.103125 0.065625
0 0.61484375 0.57890625 0.01328125 0.01953125
0 0.6640625 0.17421875 0.09609375 0.0640625
0 0.6296875 0.56875 0.01953125 0.01875
0 0.6671875 0.86640625 0.071875 0.04296875
0 0.665625 0.5578125 0.01015625 0.0171875
0 0.6828125 0.62578125 0.01171875 0.015625
0 0.696875 0.8078125 0.025 0.034375
0 0.696875 0.5375 0.0140625 0.0125
0 0.725 0.59375 0.01328125 0.01015625
0 0.7328125 0.5421875 0.015625 0.0234375
0 0.7359375 0.7390625 0.015625 0.01015625
0 0.76171875 0.77734375 0.0390625 0.02734375
0 0.81875 0.98203125 0.115625 0.0328125
0 0.78203125 0.63125 0.025 0.0328125
0 0.83125 0.475 0.0609375 0.05546875
0 0.82109375 0.76328125 0.0140625 0.028125
0 0.97578125 0.83046875 0.0453125 0.05546875