0 0.7046875 0.46171875 0.109375 0.084375
0 0.134375 0.28125 0.16171875 0.09609375
0 0.1078125 0.56875 0.05859375 0.04765625
0 0.14609375 0.18203125 0.115625 0.090625
0 0.17890625 0.5625 0.046875 0.05
0 0.2453125 0.38515625 0.09375 0.090625
0 0.284375 0.56328125 0.03046875 0.03125
0 0.29375 0.61953125 0.01171875 0.02421875
0 0.37890625 0.88359375 0.0484375 0.06328125
0 0.390625 0.4265625 0.06796875 0.07578125
0 0.4203125 0.51640625 0.0390625 0.04140625
0 0.45390625 0.76328125 0.0390625 0.08046875
0 0.575 0.71796875 0.10625 0.090625
0 0.5453125 0.2796875 0.02734375 0.040625
0 0.5828125 0.4046875 0.04296875 0.03203125
0 0.6125 0.59453125 0.0390625 0.03671875
0 0.653125 0.28671875 0.0515625 0.03984375
0 0.7640625 0.725 0.03984375 0.0625