0 0.096875 0.51484375 0.19296875 0.1453125
0 0.09609375 0.31015625 0.096875 0.0484375
0 0.19140625 0.565625 0.0703125 0.0578125
0 0.2125 0.1671875 0.07734375 0.07578125
0 0.23671875 0.15546875 0.03515625 0.04296875
0 0.2609375 0.1046875 0.0703125 0.0515625
0 0.290625 0.27578125 0.0375 0.02109375
0 0.2953125 0.77421875 0.0390625 0.03984375
0 0.29375 0.3734375 0.0296875 0.0546875
0 0.3015625 0.27109375 0.03125 0.1015625
0 0.4875 0.08203125 0.0265625 0.046875
0 0.4953125 0.20078125 0.0328125 0.0390625
0 0.51796875 0.846875 0.0203125 0.034375
0 0.67265625 0.03046875 0.0296875 0.0609375
0 0.6796875 0.64140625 0.0265625 0.02265625
0 0.6984375 0.9515625 0.05703125 0.05
0 0.72421875 0.39765625 0.09296875 0.0546875
0 0.79140625 0.63359375 0.09296875 0.04453125
0 0.80390625 0.734375 0.04765625 0.10859375
0 0.86875 0.23046875 0.09296875 0.0546875