0 0.57421875 0.7671875 0.2625 0.27265625
0 0.15859375 0.92578125 0.31328125 0.14765625
0 0.10625 0.79765625 0.1859375 0.0890625
0 0.16796875 0.69453125 0.29140625 0.1171875
0 0.17109375 0.44765625 0.15390625 0.15390625
0 0.3703125 0.8703125 0.32265625 0.13984375
0 0.3671875 0.7671875 0.26015625 0.1078125
0 0.54375 0.5328125 0.3234375 0.234375
0 0.58046875 0.253125 0.16015625 0.209375
0 0.61875 0.965625 0.2265625 0.06640625
0 0.76171875 0.34921875 0.25390625 0.0828125
0 0.8703125 0.85390625 0.2578125 0.09921875
0 0.86640625 0.9828125 0.2140625 0.03203125
0 0.878125 0.50625 0.1421875 0.28359375