0 0.2578125 0.93203125 0.2203125 0.1234375
0 0.0421875 0.34453125 0.01328125 0.02734375
0 0.1296875 0.8171875 0.09140625 0.05390625
0 0.1328125 0.43828125 0.0109375 0.02578125
0 0.15703125 0.615625 0.0328125 0.02890625
0 0.23515625 0.59453125 0.0265625 0.02578125
0 0.27734375 0.50625 0.03359375 0.02734375
0 0.278125 0.621875 0.01171875 0.02578125
0 0.284375 0.553125 0.021875 0.02421875
0 0.28828125 0.6015625 0.01953125 0.03046875
0 0.31796875 0.63046875 0.06875 0.06953125
0 0.31328125 0.54609375 0.03046875 0.0234375
0 0.32578125 0.46015625 0.03984375 0.0359375
0 0.3984375 0.39296875 0.0921875 0.06640625
0 0.3921875 0.559375 0.015625 0.040625
0 0.41484375 0.32578125 0.0296875 0.04453125
0 0.41796875 0.2734375 0.02890625 0.0515625
0 0.4359375 0.46484375 0.0328125 0.01640625
0 0.48359375 0.46328125 0.0296875 0.02734375
0 0.475 0.42734375 0.01015625 0.034375
0 0.5296875 0.2546875 0.11875 0.07578125
0 0.5328125 0.490625 0.0421875 0.03046875
0 0.53203125 0.52578125 0.0359375 0.02734375
0 0.559375 0.39140625 0.07109375 0.06015625
0 0.6078125 0.32734375 0.0796875 0.06953125
0 0.58125 0.58671875 0.02421875 0.04453125
0 0.59921875 0.4375 0.0421875 0.04140625
0 0.6109375 0.52578125 0.01015625 0.0171875
0 0.65703125 0.3796875 0.103125 0.1046875
0 0.65390625 0.14765625 0.0890625 0.0828125
0 0.64140625 0.48203125 0.0234375 0.02109375
0 0.659375 0.56796875 0.02578125 0.03828125
0 0.6828125 0.68203125 0.06171875 0.0890625
0 0.73671875 0.4640625 0.0171875 0.02890625
0 0.7765625 0.76015625 0.0578125 0.05
0 0.80234375 0.3671875 0.05 0.08515625
0 0.8484375 0.58515625 0.04765625 0.04765625
0 0.85390625 0.84296875 0.040625 0.04921875
0 0.875 0.30234375 0.06796875 0.1015625
0 0.87734375 0.53984375 0.03984375 0.053125
0 0.98828125 0.503125 0.021875 0.05