0 0.03125 0.871875 0.06171875 0.0546875
0 0.053125 0.3203125 0.0984375 0.13984375
0 0.06796875 0.7890625 0.0765625 0.16171875
0 0.10390625 0.31640625 0.08671875 0.06640625
0 0.12890625 0.5140625 0.0984375 0.134375
0 0.1734375 0.0265625 0.075 0.05234375
0 0.24453125 0.21171875 0.01953125 0.06015625
0 0.30390625 0.95703125 0.04140625 0.084375
0 0.34453125 0.7109375 0.05234375 0.09140625
0 0.3640625 0.915625 0.03515625 0.07890625
0 0.49296875 0.07109375 0.053125 0.07890625
0 0.54609375 0.05625 0.04140625 0.0328125
0 0.54609375 0.55546875 0.01953125 0.05703125
0 0.64375 0.33515625 0.028125 0.07109375
0 0.6765625 0.18046875 0.0265625 0.0875
0 0.73515625 0.07109375 0.05703125 0.06953125
0 0.77265625 0.09296875 0.04375 0.0546875
0 0.81796875 0.4984375 0.1078125 0.15859375
0 0.8 0.0125 0.06953125 0.025
0 0.85859375 0.33671875 0.05078125 0.07421875
0 0.90859375 0.50859375 0.0890625 0.02734375
0 0.92265625 0.12578125 0.06328125 0.04921875
0 0.95390625 0.9546875 0.09140625 0.0890625