0 0.0265625 0.9234375 0.05234375 0.040625
0 0.0421875 0.13046875 0.01484375 0.0296875
0 0.07265625 0.428125 0.0671875 0.08203125
0 0.05703125 0.1921875 0.02265625 0.0296875
0 0.0671875 0.60859375 0.0328125 0.0609375
0 0.1125 0.175 0.040625 0.01953125
0 0.103125 0.1890625 0.021875 0.02109375
0 0.1265625 0.0484375 0.0375 0.021875
0 0.128125 0.2015625 0.02109375 0.025
0 0.14375 0.2046875 0.034375 0.03125
0 0.21328125 0.67421875 0.03203125 0.02578125
0 0.21171875 0.32890625 0.01015625 0.0140625
0 0.2296875 0.246875 0.01171875 0.0140625
0 0.25625 0.31328125 0.0109375 0.03515625
0 0.28125 0.35 0.0140625 0.02578125
0 0.28359375 0.190625 0.01640625 0.021875
0 0.29765625 0.6109375 0.03046875 0.025
0 0.42734375 0.20390625 0.0265625 0.0171875
0 0.4515625 0.36171875 0.01484375 0.01328125
0 0.4796875 0.375 0.01484375 0.0078125
0 0.48125 0.42265625 0.0125 0.02734375
0 0.4859375 0.35625 0.01640625 0.01171875
0 0.49921875 0.44375 0.028125 0.021875
0 0.5 0.29609375 0.0171875 0.009375
0 0.50859375 0.5875 0.034375 0.0171875
0 0.50078125 0.346875 0.015625 0.0171875
0 0.5015625 0.39453125 0.0140625 0.01796875
0 0.5140625 0.12109375 0.03125 0.02890625
0 0.50859375 0.421875 0.015625 0.00546875
0 0.6609375 0.48671875 0.3203125 0.18203125
0 0.5171875 0.35703125 0.01953125 0.0234375
0 0.51484375 0.33125 0.01171875 0.009375
0 0.51796875 0.31328125 0.0125 0.0140625
0 0.5265625 0.7203125 0.0203125 0.0234375
0 0.759375 0.790625 0.478125 0.41640625
0 0.52890625 0.76328125 0.01484375 0.01171875
0 0.53203125 0.3796875 0.015625 0.01171875
0 0.53671875 0.63828125 0.0171875 0.0453125
0 0.53984375 0.33203125 0.015625 0.0078125
0 0.54921875 0.7109375 0.01875 0.015625
0 0.55703125 0.8765625 0.028125 0.01328125
0 0.55234375 0.3765625 0.0140625 0.01796875
0 0.55625 0.85 0.0125 0.0078125
0 0.565625 0.7921875 0.03203125 0.01953125
0 0.5625 0.69453125 0.0234375 0.0140625
0 0.5765625 0.953125 0.02734375 0.02578125
0 0.57734375 0.85 0.0140625 0.01953125
0 0.5796875 0.36640625 0.01875 0.021875
0 0.584375 0.68046875 0.0265625 0.0171875
0 0.5984375 0.79921875 0.0203125 0.01015625
0 0.61328125 0.87890625 0.02734375 0.015625
0 0.61484375 0.75546875 0.0171875 0.015625
0 0.6234375 0.3609375 0.0078125 0.02578125
0 0.6375 0.42578125 0.015625 0.0078125
0 0.64453125 0.9203125 0.01953125 0.01796875
0 0.65859375 0.796875 0.03203125 0.0234375
0 0.66875 0.42265625 0.0125 0.01171875
0 0.6734375 0.38125 0.02265625 0.0140625
0 0.68671875 0.846875 0.01953125 0.0171875
0 0.68515625 0.959375 0.0109375 0.015625
0 0.69765625 0.43125 0.0171875 0.015625
0 0.7046875 0.89296875 0.0125 0.02578125
0 0.70859375 0.68203125 0.01875 0.015625
0 0.715625 0.396875 0.02578125 0.01171875
0 0.71796875 0.9265625 0.009375 0.01953125
0 0.74296875 0.771875 0.025 0.02109375
0 0.74765625 0.921875 0.01640625 0.02578125
0 0.75859375 0.3921875 0.0203125 0.0078125
0 0.78828125 0.41640625 0.01953125 0.015625
0 0.8015625 0.9625 0.01640625 0.02578125
0 0.84375 0.66953125 0.02109375 0.02109375
0 0.890625 0.77578125 0.0171875 0.0296875
0 0.91015625 0.921875 0.015625 0.015625