0 0.33046875 0.503125 0.0859375 0.109375
0 0.01875 0.4359375 0.03671875 0.12890625
0 0.05 0.99453125 0.05078125 0.01015625
0 0.0546875 0.25234375 0.0328125 0.06328125
0 0.075 0.10234375 0.05703125 0.07578125
0 0.10390625 0.1296875 0.04765625 0.02421875
0 0.0953125 0.3796875 0.0109375 0.03046875
0 0.14609375 0.06015625 0.02734375 0.02421875
0 0.16796875 0.40390625 0.0484375 0.07265625
0 0.17734375 0.221875 0.053125 0.0828125
0 0.1796875 0.15234375 0.05078125 0.03046875
0 0.2125 0.1921875 0.06171875 0.0328125
0 0.23125 0.146875 0.053125 0.0484375
0 0.21640625 0.3875 0.021875 0.053125
0 0.284375 0.05390625 0.05234375 0.03046875
0 0.33828125 0.22890625 0.07734375 0.07421875
0 0.3390625 0.10703125 0.01796875 0.02421875
0 0.34453125 0.0671875 0.0234375 0.02109375
0 0.3609375 0.8890625 0.0265625 0.04140625
0 0.371875 0.10703125 0.0390625 0.04453125
0 0.3796875 0.7953125 0.02265625 0.0421875
0 0.39296875 0.1453125 0.0296875 0.02265625
0 0.4078125 0.0734375 0.04921875 0.03984375
0 0.4453125 0.9734375 0.03984375 0.0515625
0 0.446875 0.60546875 0.02578125 0.0328125
0 0.446875 0.22109375 0.0265625 0.02265625
0 0.490625 0.16484375 0.0203125 0.02578125
0 0.56171875 0.38203125 0.059375 0.04296875
0 0.60703125 0.53984375 0.0953125 0.06953125
0 0.5796875 0.80546875 0.0359375 0.046875
0 0.615625 0.23515625 0.02578125 0.0328125
0 0.6734375 0.21328125 0.0359375 0.0609375
0 0.8078125 0.13671875 0.02734375 0.03984375
0 0.8546875 0.209375 0.04921875 0.0453125
0 0.90390625 0.65703125 0.0296875 0.0484375