0 0.0125 0.5046875 0.025 0.046875
0 0.03359375 0.70078125 0.0671875 0.07265625
0 0.075 0.93671875 0.15 0.0578125
0 0.028125 0.98359375 0.02578125 0.03203125
0 0.196875 0.29140625 0.33125 0.184375
0 0.0625 0.571875 0.04609375 0.02578125
0 0.06796875 0.609375 0.03046875 0.02578125
0 0.1046875 0.7828125 0.0265625 0.02421875
0 0.15859375 0.4859375 0.04765625 0.02421875
0 0.14765625 0.6 0.0203125 0.03515625
0 0.3046875 0.3734375 0.28828125 0.1390625
0 0.19375 0.5984375 0.02421875 0.02890625
0 0.2171875 0.86953125 0.0359375 0.03203125
0 0.2171875 0.6890625 0.02734375 0.03984375
0 0.228125 0.734375 0.0203125 0.02734375
0 0.234375 0.596875 0.03359375 0.02578125
0 0.29375 0.77265625 0.0359375 0.02421875
0 0.40078125 0.41796875 0.23828125 0.140625
0 0.3203125 0.93203125 0.0578125 0.0328125
0 0.3296875 0.58125 0.02734375 0.02421875
0 0.44765625 0.228125 0.25859375 0.12890625
0 0.34765625 0.74140625 0.0375 0.0234375
0 0.35546875 0.87734375 0.03359375 0.02578125
0 0.39765625 0.1234375 0.109375 0.0859375
0 0.43125 0.21953125 0.17421875 0.1390625
0 0.35703125 0.6328125 0.0234375 0.03828125
0 0.38515625 0.84921875 0.0328125 0.01953125
0 0.4390625 0.9359375 0.1328125 0.1265625
0 0.39765625 0.74609375 0.0453125 0.02578125
0 0.396875 0.6421875 0.0296875 0.015625
0 0.47265625 0.3046875 0.1796875 0.1515625
0 0.43046875 0.83359375 0.02890625 0.015625
0 0.4984375 0.44921875 0.1640625 0.17734375
0 0.446875 0.93515625 0.0328125 0.0390625
0 0.45703125 0.8015625 0.034375 0.02265625
0 0.51328125 0.07578125 0.13671875 0.1515625
0 0.47109375 0.98046875 0.0234375 0.02578125
0 0.496875 0.715625 0.021875 0.0234375
0 0.60546875 0.46015625 0.1125 0.13984375
0 0.72421875 0.2390625 0.07890625 0.140625
0 0.721875 0.47109375 0.05234375 0.12109375
0 0.79296875 0.0640625 0.0265625 0.04453125