0 0.08828125 0.74140625 0.1765625 0.06953125
0 0.096875 0.89921875 0.19296875 0.140625
0 0.18125 0.8890625 0.3625 0.2203125
0 0.20390625 0.7890625 0.4078125 0.12890625
0 0.2078125 0.834375 0.37578125 0.12890625
0 0.225 0.6984375 0.39296875 0.07109375
0 0.1515625 0.65078125 0.1921875 0.053125
0 0.2546875 0.68671875 0.36015625 0.09140625
0 0.18203125 0.60390625 0.1609375 0.03984375
0 0.3671875 0.696875 0.28671875 0.2328125
0 0.3640625 0.70546875 0.2109375 0.16328125
0 0.8703125 0.565625 0.1875 0.14453125