0 0.35078125 0.440625 0.078125 0.15546875
0 0.0234375 0.09921875 0.046875 0.0546875
0 0.0265625 0.73671875 0.05234375 0.034375
0 0.015625 0.53671875 0.0296875 0.03046875
0 0.040625 0.91015625 0.01796875 0.01484375
0 0.05 0.47734375 0.0265625 0.02421875
0 0.08359375 0.75703125 0.03125 0.02265625
0 0.08515625 0.49140625 0.01953125 0.01484375
0 0.10390625 0.6734375 0.02578125 0.02578125
0 0.10390625 0.06171875 0.0203125 0.06171875
0 0.12109375 0.53359375 0.0546875 0.02734375
0 0.10546875 0.21953125 0.0125 0.02890625
0 0.1703125 0.27890625 0.02578125 0.040625
0 0.1875 0.8515625 0.00859375 0.01953125
0 0.25 0.1453125 0.01171875 0.0609375
0 0.27265625 0.78046875 0.00703125 0.01484375
0 0.45078125 0.115625 0.10703125 0.140625
0 0.59609375 0.328125 0.01953125 0.0421875
0 0.67578125 0.02890625 0.1234375 0.0578125
0 0.92421875 0.89609375 0.01015625 0.01953125