0 0.1953125 0.659375 0.2515625 0.21953125
0 0.1984375 0.3890625 0.3046875 0.18828125
0 0.1890625 0.15234375 0.2828125 0.18046875
0 0.19453125 0.86640625 0.27734375 0.17421875
0 0.50390625 0.146875 0.31171875 0.16875
0 0.4921875 0.88125 0.2765625 0.16875
0 0.51328125 0.70859375 0.29296875 0.14609375
0 0.50625 0.4828125 0.24140625 0.25546875
0 0.5171875 0.30234375 0.2625 0.11484375
0 0.80859375 0.85625 0.31171875 0.2046875
0 0.81875 0.646875 0.2875 0.14765625
0 0.82421875 0.15078125 0.28671875 0.17734375
0 0.8234375 0.4015625 0.27421875 0.209375