0 0.23046875 0.73671875 0.14296875 0.1984375
0 0.3265625 0.72890625 0.13046875 0.221875
0 0.3765625 0.65234375 0.1859375 0.17734375
0 0.434375 0.78515625 0.15859375 0.184375
0 0.5171875 0.63984375 0.184375 0.1703125
0 0.52890625 0.7890625 0.1078125 0.07734375
0 0.57109375 0.6125 0.1484375 0.11640625
0 0.6453125 0.7453125 0.1484375 0.07578125
0 0.6328125 0.53203125 0.0890625 0.0625
0 0.70078125 0.603125 0.1796875 0.1078125
0 0.7328125 0.5703125 0.1546875 0.10234375
0 0.7375 0.475 0.13828125 0.090625
0 0.7484375 0.678125 0.12109375 0.0734375
0 0.83515625 0.46640625 0.1234375 0.11796875
0 0.8328125 0.409375 0.0609375 0.10625
0 0.8859375 0.4390625 0.06015625 0.06640625
0 0.89140625 0.390625 0.06171875 0.05859375
0 0.91328125 0.32890625 0.06171875 0.0609375
0 0.96328125 0.31015625 0.0484375 0.08515625