0 0.0453125 0.7484375 0.090625 0.02734375
0 0.046875 0.80390625 0.09375 0.02578125
0 0.0171875 0.54453125 0.0296875 0.0296875
0 0.08359375 0.734375 0.14375 0.05625
0 0.053125 0.49921875 0.0609375 0.02734375
0 0.08359375 0.440625 0.103125 0.0328125
0 0.0875 0.6015625 0.09453125 0.02734375
0 0.0921875 0.5484375 0.0796875 0.0703125
0 0.13984375 0.496875 0.0921875 0.02578125
0 0.12734375 0.9921875 0.0609375 0.01484375
0 0.17109375 0.79140625 0.0828125 0.040625
0 0.2203125 0.553125 0.1046875 0.02578125
0 0.23046875 0.10390625 0.06953125 0.02578125
0 0.23671875 0.8453125 0.0640625 0.0359375
0 0.26328125 0.65546875 0.11328125 0.04609375
0 0.2671875 0.4828125 0.08515625 0.06640625
0 0.26328125 0.23515625 0.04609375 0.0390625
0 0.29609375 0.73671875 0.07109375 0.08203125
0 0.29609375 0.5953125 0.05625 0.0546875
0 0.309375 0.39375 0.0609375 0.06171875
0 0.3234375 0.88203125 0.07421875 0.0609375
0 0.34921875 0.75546875 0.04296875 0.0203125
0 0.3703125 0.45546875 0.0765625 0.06015625
0 0.3875 0.76015625 0.0484375 0.02890625
0 0.4515625 0.98515625 0.13515625 0.028125
0 0.42578125 0.45625 0.06953125 0.03046875
0 0.45 0.18515625 0.1125 0.0375
0 0.4328125 0.815625 0.05625 0.0265625
0 0.4609375 0.5 0.09765625 0.02578125
0 0.46953125 0.69140625 0.115625 0.053125
0 0.49375 0.015625 0.12265625 0.03125
0 0.49921875 0.55 0.1125 0.02578125
0 0.52890625 0.40234375 0.115625 0.0578125
0 0.54765625 0.73828125 0.0875 0.040625
0 0.58125 0.59375 0.071875 0.0578125
0 0.60234375 0.35078125 0.109375 0.04453125
0 0.59296875 0.54921875 0.084375 0.0578125
0 0.64296875 0.94453125 0.10703125 0.0328125
0 0.70703125 0.28046875 0.14375 0.0375
0 0.68046875 0.88515625 0.084375 0.034375
0 0.68828125 0.62890625 0.0921875 0.0578125
0 0.67109375 0.65234375 0.0296875 0.021875
0 0.715625 0.41484375 0.07890625 0.0359375
0 0.765625 0.0171875 0.0828125 0.034375
0 0.85859375 0.846875 0.09765625 0.0421875
0 0.865625 0.94765625 0.0875 0.0390625