0 0.18984375 0.678125 0.0765625 0.12734375
0 0.04453125 0.53203125 0.0890625 0.09375
0 0.0453125 0.603125 0.090625 0.08125
0 0.059375 0.884375 0.11875 0.08125
0 0.10078125 0.7625 0.1078125 0.08359375
0 0.2171875 0.43515625 0.075 0.09609375
0 0.25234375 0.68671875 0.0515625 0.07734375
0 0.2609375 0.74375 0.053125 0.07890625
0 0.28203125 0.84609375 0.0171875 0.0875
0 0.3171875 0.42890625 0.053125 0.0875
0 0.35234375 0.84140625 0.0609375 0.10390625
0 0.3421875 0.63828125 0.034375 0.06015625
0 0.3671875 0.10546875 0.071875 0.11875
0 0.39296875 0.13359375 0.1046875 0.07890625
0 0.3671875 0.47734375 0.04375 0.07890625
0 0.37421875 0.40234375 0.0484375 0.07109375
0 0.403125 0.72421875 0.046875 0.08125
0 0.40234375 0.81640625 0.0359375 0.04609375
0 0.41015625 0.57109375 0.0453125 0.0875
0 0.4328125 0.17890625 0.053125 0.05390625
0 0.4609375 0.71015625 0.065625 0.06640625
0 0.4609375 0.65078125 0.040625 0.09765625
0 0.4890625 0.20078125 0.065625 0.06015625
0 0.49375 0.76328125 0.03125 0.04765625
0 0.5078125 0.32109375 0.0375 0.075