0 0.090625 0.4046875 0.0671875 0.02734375
0 0.0859375 0.2484375 0.0109375 0.02265625
0 0.1375 0.1328125 0.0359375 0.0328125
0 0.159375 0.50703125 0.0578125 0.0359375
0 0.15 0.09921875 0.0296875 0.02734375
0 0.57109375 0.14296875 0.8546875 0.2859375
0 0.16328125 0.234375 0.0046875 0.02265625
0 0.171875 0.2578125 0.0234375 0.0171875
0 0.1875 0.28359375 0.0328125 0.0375
0 0.20078125 0.584375 0.0390625 0.02265625
0 0.20625 0.85703125 0.04453125 0.02109375
0 0.20234375 0.22109375 0.0109375 0.02734375
0 0.24375 0.39921875 0.0703125 0.03984375
0 0.26953125 0.15859375 0.07265625 0.0390625
0 0.2578125 0.6890625 0.02890625 0.03046875
0 0.265625 0.4828125 0.028125 0.040625
0 0.26875 0.60390625 0.0296875 0.01953125
0 0.28984375 0.2453125 0.05703125 0.03046875
0 0.30078125 0.49609375 0.0421875 0.02421875
0 0.28515625 0.43125 0.009375 0.034375
0 0.29296875 0.4078125 0.0109375 0.0328125
0 0.32421875 0.478125 0.0265625 0.02421875
0 0.33359375 0.50234375 0.03125 0.01484375
0 0.3640625 0.2578125 0.0453125 0.0390625
0 0.40390625 0.309375 0.0578125 0.02578125
0 0.4109375 0.2171875 0.0578125 0.02265625
0 0.45859375 0.66328125 0.053125 0.04296875
0 0.47109375 0.1484375 0.0765625 0.0296875
0 0.4515625 0.38203125 0.0265625 0.0328125
0 0.4828125 0.2359375 0.07265625 0.05
0 0.50703125 0.19140625 0.04609375 0.015625
0 0.5140625 0.20703125 0.0578125 0.02265625
0 0.52109375 0.7328125 0.03125 0.02421875
0 0.625 0.3703125 0.01953125 0.02421875
0 0.7828125 0.31328125 0.03515625 0.02578125