0 0.009375 0.06796875 0.01875 0.0265625
0 0.1015625 0.11953125 0.05234375 0.0265625
0 0.128125 0.0890625 0.03671875 0.0234375
0 0.14140625 0.503125 0.03671875 0.034375
0 0.153125 0.653125 0.03671875 0.015625
0 0.1671875 0.1546875 0.040625 0.0171875
0 0.17734375 0.4734375 0.05234375 0.0296875
0 0.1859375 0.53828125 0.0390625 0.015625
0 0.21328125 0.353125 0.04296875 0.03125
0 0.209375 0.1921875 0.0296875 0.0140625
0 0.22734375 0.38828125 0.05703125 0.04609375
0 0.2265625 0.178125 0.04609375 0.0171875
0 0.24609375 0.209375 0.025 0.015625
0 0.25390625 0.46875 0.040625 0.0390625
0 0.27265625 0.61953125 0.05234375 0.0234375
0 0.26953125 0.2109375 0.02265625 0.01015625
0 0.28984375 0.44453125 0.05 0.02265625
0 0.27890625 0.04765625 0.0140625 0.0171875
0 0.3046875 0.22265625 0.04296875 0.0171875
0 0.33203125 0.25625 0.02109375 0.00703125
0 0.346875 0.2671875 0.0359375 0.01484375
0 0.3421875 0.33828125 0.02265625 0.0296875
0 0.34453125 0.290625 0.02265625 0.01171875
0 0.34609375 0.24140625 0.01640625 0.0109375
0 0.35703125 0.6328125 0.034375 0.01875
0 0.3671875 0.409375 0.03203125 0.0140625
0 0.378125 0.278125 0.034375 0.0109375
0 0.38203125 0.265625 0.034375 0.0109375
0 0.378125 0.3109375 0.02109375 0.0125
0 0.39609375 0.38359375 0.0203125 0.0171875
0 0.409375 0.5546875 0.02890625 0.0109375
0 0.41015625 0.3078125 0.025 0.0078125
0 0.41640625 0.35234375 0.02109375 0.0296875
0 0.4203125 0.31796875 0.01328125 0.01171875
0 0.42578125 0.40078125 0.015625 0.01328125
0 0.44765625 0.45625 0.034375 0.015625
0 0.4609375 0.375 0.0546875 0.034375
0 0.44375 0.4921875 0.015625 0.00859375
0 0.45390625 0.346875 0.02734375 0.01171875
0 0.44921875 0.33359375 0.0140625 0.00546875
0 0.46328125 0.43515625 0.02265625 0.0171875
0 0.46171875 0.4 0.015625 0.01484375
0 0.47890625 0.4796875 0.01796875 0.0140625
0 0.4859375 0.3640625 0.02734375 0.02578125
0 0.48359375 0.40078125 0.01328125 0.01328125
0 0.4859375 0.3359375 0.01796875 0.0109375
0 0.503125 0.471875 0.02109375 0.00859375
0 0.51328125 0.459375 0.01796875 0.01171875
0 0.51328125 0.41875 0.01328125 0.01484375
0 0.52578125 0.5015625 0.0296875 0.0203125
0 0.5328125 0.6125 0.04296875 0.0171875
0 0.53828125 0.390625 0.02265625 0.01015625
0 0.5453125 0.3484375 0.0265625 0.04140625
0 0.5765625 0.5421875 0.03671875 0.0125
0 0.5734375 0.40703125 0.025 0.0125
0 0.578125 0.43671875 0.034375 0.0140625
0 0.5859375 0.4859375 0.02265625 0.01015625
0 0.62734375 0.496875 0.02265625 0.00703125
0 0.6328125 0.47109375 0.02109375 0.0109375
0 0.6375 0.5609375 0.0203125 0.0109375
0 0.64453125 0.5078125 0.0296875 0.01875
0 0.67578125 0.32734375 0.03828125 0.01875
0 0.684375 0.6875 0.05 0.0203125
0 0.67421875 0.4796875 0.02734375 0.00703125
0 0.678125 0.2875 0.034375 0.0203125
0 0.66953125 0.5421875 0.015625 0.0109375
0 0.6859375 0.4890625 0.0171875 0.00859375
0 0.721875 0.46484375 0.0484375 0.01484375
0 0.7171875 0.5765625 0.034375 0.0234375
0 0.72578125 0.38984375 0.025 0.02734375
0 0.7265625 0.6140625 0.02109375 0.0140625
0 0.7515625 0.52421875 0.0578125 0.0171875
0 0.7421875 0.64453125 0.02109375 0.01875
0 0.77265625 0.28046875 0.040625 0.0375
0 0.79453125 0.5421875 0.05703125 0.02265625
0 0.8125 0.78125 0.0484375 0.0359375
0 0.85703125 0.79140625 0.05390625 0.0421875
0 0.89453125 0.859375 0.04765625 0.0328125
0 0.90390625 0.83984375 0.0421875 0.04140625