0 0.07265625 0.50546875 0.0453125 0.084375
0 0.09375 0.3953125 0.0515625 0.14140625
0 0.2390625 0.61484375 0.05234375 0.12109375
0 0.271875 0.84296875 0.0390625 0.0890625
0 0.284375 0.94375 0.04453125 0.0546875
0 0.3484375 0.48203125 0.10390625 0.10546875
0 0.32265625 0.4296875 0.0421875 0.0765625
0 0.40625 0.7796875 0.16328125 0.1953125
0 0.44296875 0.525 0.0546875 0.11015625
0 0.45625 0.2234375 0.0515625 0.07109375
0 0.5078125 0.06796875 0.0203125 0.07890625
0 0.5609375 0.34140625 0.1015625 0.103125
0 0.628125 0.6078125 0.09765625 0.09296875