0 0.49765625 0.48125 0.596875 0.36953125
0 0.05625 0.0875 0.1125 0.1
0 0.24140625 0.559375 0.4828125 0.74765625
0 0.075 0.05546875 0.096875 0.06015625
0 0.065625 0.01171875 0.034375 0.0234375
0 0.1296875 0.11015625 0.11640625 0.03828125
0 0.15625 0.17421875 0.06171875 0.1546875
0 0.17578125 0.0203125 0.07578125 0.040625
0 0.2640625 0.246875 0.1234375 0.07109375
0 0.26171875 0.02265625 0.0875 0.0453125
0 0.30234375 0.0671875 0.07109375 0.065625
0 0.6609375 0.75703125 0.51953125 0.253125
0 0.46875 0.15234375 0.075 0.11171875
0 0.465625 0.01953125 0.034375 0.0359375
0 0.5578125 0.075 0.01796875 0.11484375
0 0.8984375 0.0390625 0.1078125 0.0484375