0 0.0125 0.37890625 0.025 0.0265625
0 0.015625 0.2640625 0.03125 0.025
0 0.025 0.2390625 0.05 0.040625
0 0.03203125 0.04765625 0.06328125 0.021875
0 0.05625 0.63359375 0.1125 0.0375
0 0.12421875 0.71640625 0.24609375 0.08046875
0 0.0375 0.9 0.07109375 0.03671875
0 0.028125 0.39609375 0.046875 0.03125
0 0.03203125 0.70859375 0.0546875 0.0234375
0 0.06328125 0.978125 0.109375 0.040625
0 0.03984375 0.50078125 0.0453125 0.0453125
0 0.07578125 0.2109375 0.096875 0.02890625
0 0.07109375 0.4171875 0.05 0.02734375
0 0.08671875 0.11875 0.08125 0.05078125
0 0.09296875 0.265625 0.0546875 0.0234375
0 0.10859375 0.346875 0.07109375 0.009375
0 0.16484375 0.63671875 0.1109375 0.13515625
0 0.16328125 0.94296875 0.05546875 0.03125
0 0.18828125 0.1921875 0.08828125 0.025
0 0.1671875 0.353125 0.03515625 0.01015625
0 0.1859375 0.90234375 0.06328125 0.04921875
0 0.19921875 0.1625 0.0625 0.053125
0 0.2109375 0.61171875 0.053125 0.05078125
0 0.24296875 0.8765625 0.096875 0.03671875
0 0.2546875 0.13125 0.12109375 0.14609375
0 0.23671875 0.4046875 0.06171875 0.025
0 0.26875 0.86796875 0.09375 0.021875
0 0.246875 0.82109375 0.0484375 0.03515625
0 0.35078125 0.290625 0.2046875 0.0796875
0 0.2890625 0.38125 0.06796875 0.05234375
0 0.35 0.421875 0.1859375 0.0625
0 0.32578125 0.05078125 0.11796875 0.078125
0 0.33125 0.62265625 0.09921875 0.1078125
0 0.4953125 0.890625 0.425 0.1875
0 0.65 0.6390625 0.696875 0.25390625
0 0.35234375 0.2 0.0984375 0.05078125
0 0.33828125 0.0375 0.06328125 0.07421875
0 0.4109375 0.7671875 0.16796875 0.05234375
0 0.3640625 0.453125 0.04296875 0.02890625
0 0.371875 0.5671875 0.05859375 0.0375
0 0.40703125 0.228125 0.12578125 0.09609375
0 0.40859375 0.07578125 0.10625 0.02578125
0 0.40859375 0.525 0.07890625 0.02578125
0 0.4203125 0.28671875 0.0984375 0.0390625
0 0.48359375 0.7328125 0.15234375 0.0546875
0 0.44453125 0.46640625 0.06953125 0.0140625
0 0.46015625 0.6109375 0.05625 0.03515625
0 0.48671875 0.490625 0.059375 0.01796875
0 0.528125 0.1109375 0.12578125 0.12890625
0 0.5703125 0.796875 0.2109375 0.09140625
0 0.53046875 0.37734375 0.0890625 0.04921875
0 0.52734375 0.4015625 0.078125 0.02734375
0 0.53828125 0.18515625 0.07890625 0.12265625
0 0.5375 0.68125 0.0609375 0.040625
0 0.70390625 0.50625 0.3640625 0.0765625
0 0.5578125 0.55625 0.0703125 0.00546875
0 0.56328125 0.55546875 0.06953125 0.0015625
0 0.62578125 0.56796875 0.12421875 0.06484375
0 0.63515625 0.21796875 0.11640625 0.0765625
0 0.61796875 0.74296875 0.07265625 0.040625
0 0.63203125 0.4125 0.0453125 0.04921875
0 0.77734375 0.3328125 0.24609375 0.071875
0 0.79609375 0.7578125 0.26171875 0.07578125
0 0.73125 0.8578125 0.1015625 0.02109375
0 0.73359375 0.84296875 0.06796875 0.01953125
0 0.91171875 0.91171875 0.175 0.12734375
0 0.875 0.43203125 0.08359375 0.09140625
0 0.91171875 0.8578125 0.1203125 0.0375
0 0.9359375 0.31171875 0.12578125 0.021875
0 0.971875 0.2328125 0.05390625 0.05625