0 0.03125 0.5625 0.0625 0.034375
0 0.04765625 0.87578125 0.0953125 0.246875
0 0.0484375 0.9015625 0.096875 0.0640625
0 0.05234375 0.61171875 0.1046875 0.075
0 0.04375 0.72109375 0.0796875 0.12109375
0 0.04765625 0.7484375 0.0578125 0.06171875
0 0.134375 0.68359375 0.134375 0.13828125
0 0.13046875 0.921875 0.0765625 0.15390625
0 0.153125 0.79765625 0.0875 0.30234375
0 0.2015625 0.9609375 0.05625 0.07578125
0 0.20703125 0.78828125 0.04140625 0.1921875
0 0.25 0.62109375 0.10390625 0.0765625
0 0.265625 0.534375 0.09921875 0.0921875
0 0.2296875 0.49375 0.01875 0.07109375
0 0.265625 0.553125 0.0609375 0.0765625
0 0.284375 0.74609375 0.0765625 0.13828125
0 0.27890625 0.84609375 0.04375 0.09921875
0 0.27578125 0.42734375 0.0328125 0.04609375
0 0.28046875 0.56875 0.0421875 0.03671875
0 0.2796875 0.47109375 0.0390625 0.034375
0 0.3234375 0.37109375 0.0796875 0.028125
0 0.3109375 0.46640625 0.0484375 0.075
0 0.30234375 0.678125 0.0296875 0.053125
0 0.31015625 0.4171875 0.0453125 0.07890625
0 0.30703125 0.8234375 0.0203125 0.2
0 0.32109375 0.93671875 0.0484375 0.125
0 0.3296875 0.33203125 0.04609375 0.0296875
0 0.34375 0.70234375 0.0578125 0.20078125
0 0.33984375 0.52578125 0.0265625 0.09296875
0 0.3625 0.928125 0.04609375 0.14296875
0 0.38046875 0.38125 0.07265625 0.034375
0 0.37265625 0.403125 0.05390625 0.04609375
0 0.3640625 0.30703125 0.034375 0.0234375
0 0.378125 0.790625 0.06328125 0.24921875
0 0.36875 0.50859375 0.02578125 0.1015625
0 0.3796875 0.321875 0.04375 0.02734375
0 0.38046875 0.65625 0.0328125 0.10234375
0 0.490625 0.56015625 0.2234375 0.53203125
0 0.3984375 0.2765625 0.0265625 0.02890625
0 0.41796875 0.26015625 0.0390625 0.03828125
0 0.43671875 0.33671875 0.05625 0.028125
0 0.4328125 0.29140625 0.03125 0.0421875
0 0.4390625 0.3796875 0.0421875 0.03359375
0 0.440625 0.33046875 0.03046875 0.04375
0 0.45546875 0.2609375 0.0359375 0.00625
0 0.496875 0.25078125 0.0703125 0.05
0 0.48515625 0.221875 0.028125 0.034375
0 0.546875 0.253125 0.034375 0.0421875
0 0.60234375 0.2921875 0.0515625 0.03125
0 0.59375 0.26484375 0.0296875 0.0328125
0 0.62734375 0.32109375 0.04765625 0.04609375