0 0.03203125 0.78203125 0.0640625 0.05390625
0 0.05625 0.74609375 0.04375 0.0671875
0 0.12578125 0.88046875 0.09765625 0.09140625
0 0.15 0.703125 0.09453125 0.0640625
0 0.1796875 0.73984375 0.15 0.12109375
0 0.21953125 0.6625 0.1125 0.0640625
0 0.22578125 0.83359375 0.1015625 0.071875
0 0.296875 0.6203125 0.1125 0.05078125
0 0.3515625 0.840625 0.16015625 0.13203125
0 0.37421875 0.48515625 0.0359375 0.0296875
0 0.42734375 0.60625 0.08359375 0.0421875
0 0.490625 0.88828125 0.103125 0.08984375
0 0.48203125 0.7578125 0.075 0.12421875
0 0.52421875 0.753125 0.05859375 0.08828125
0 0.5484375 0.459375 0.0375 0.02578125
0 0.61484375 0.81953125 0.1390625 0.11953125
0 0.57578125 0.621875 0.05703125 0.04375
0 0.59375 0.5875 0.04375 0.03125
0 0.621875 0.65234375 0.06015625 0.0421875
0 0.64609375 0.53125 0.0703125 0.02578125
0 0.6546875 0.7078125 0.0796875 0.06171875
0 0.7296875 0.6265625 0.0796875 0.0796875
0 0.81328125 0.64375 0.034375 0.06875
0 0.85390625 0.61171875 0.0765625 0.06015625
0 0.8671875 0.5015625 0.05078125 0.01640625
0 0.88046875 0.6765625 0.02265625 0.06171875
0 0.9296875 0.52734375 0.065625 0.05078125