0 0.340625 0.5171875 0.09921875 0.121875
0 0.17890625 0.1703125 0.046875 0.04453125
0 0.2078125 0.15234375 0.09296875 0.10859375
0 0.24921875 0.05390625 0.0765625 0.1078125
0 0.26328125 0.43125 0.04140625 0.0640625
0 0.3453125 0.109375 0.053125 0.09140625
0 0.40546875 0.41015625 0.06953125 0.103125
0 0.39765625 0.06484375 0.0390625 0.07109375
0 0.4453125 0.3453125 0.07890625 0.0875
0 0.47109375 0.0484375 0.059375 0.096875
0 0.575 0.54453125 0.0328125 0.06171875
0 0.6 0.25859375 0.03203125 0.07734375
0 0.61484375 0.4265625 0.0421875 0.09453125
0 0.70234375 0.56015625 0.059375 0.12265625
0 0.746875 0.384375 0.02265625 0.084375
0 0.775 0.45234375 0.03984375 0.08046875
0 0.80859375 0.40390625 0.0453125 0.084375
0 0.909375 0.6328125 0.0640625 0.10859375
0 0.96171875 0.7390625 0.075 0.07265625
0 0.96328125 0.2484375 0.04375 0.10546875