0 0.23046875 0.24921875 0.159375 0.14375
0 0.19765625 0.51015625 0.07578125 0.08359375
0 0.35625 0.365625 0.103125 0.08984375
0 0.37109375 0.41484375 0.084375 0.15859375
0 0.4734375 0.41328125 0.06640625 0.13125
0 0.54375 0.32421875 0.03125 0.10625
0 0.659375 0.36015625 0.1171875 0.0875
0 0.6578125 0.4625 0.07734375 0.08359375
0 0.69140625 0.6125 0.05234375 0.0375
0 0.76640625 0.48515625 0.08046875 0.08359375
0 0.81875 0.40546875 0.08203125 0.05625
0 0.87421875 0.328125 0.0828125 0.07265625
0 0.95234375 0.69609375 0.021875 0.02890625
0 0.95859375 0.58125 0.021875 0.03359375
0 0.965625 0.715625 0.0171875 0.03515625