0 0.0484375 0.5515625 0.09609375 0.134375
0 0.08671875 0.78359375 0.06015625 0.1921875
0 0.1953125 0.5171875 0.08671875 0.121875
0 0.25078125 0.77734375 0.1765625 0.2046875
0 0.2296875 0.70390625 0.1125 0.1203125
0 0.265625 0.4046875 0.08515625 0.0890625
0 0.28828125 0.63203125 0.06796875 0.12109375
0 0.34296875 0.44765625 0.0828125 0.13046875
0 0.38125 0.62734375 0.1296875 0.1015625
0 0.3546875 0.29140625 0.06171875 0.11171875
0 0.47421875 0.5609375 0.07109375 0.12421875
0 0.4984375 0.54765625 0.0734375 0.08984375
0 0.53046875 0.3640625 0.0875 0.08203125
0 0.5734375 0.17890625 0.15625 0.11640625
0 0.6140625 0.43046875 0.1109375 0.06953125
0 0.65234375 0.271875 0.06875 0.06953125
0 0.80546875 0.49765625 0.20859375 0.08671875
0 0.94375 0.03359375 0.1109375 0.06328125