0 0.61640625 0.446875 0.19296875 0.28671875
0 0.28984375 0.44921875 0.5796875 0.646875
0 0.23671875 0.14296875 0.3265625 0.2859375
0 0.20546875 0.715625 0.1046875 0.0703125
0 0.38671875 0.2390625 0.115625 0.06171875
0 0.42734375 0.05234375 0.0484375 0.0578125
0 0.4734375 0.075 0.0578125 0.04609375
0 0.5125 0.8 0.08203125 0.05546875
0 0.6015625 0.67265625 0.03515625 0.015625
0 0.75 0.50859375 0.1734375 0.09375
0 0.7234375 0.5890625 0.0515625 0.05625
0 0.7171875 0.27421875 0.028125 0.03203125
0 0.71640625 0.38046875 0.02421875 0.01328125
0 0.728125 0.35546875 0.02421875 0.01484375
0 0.7296875 0.234375 0.0203125 0.03828125
0 0.7390625 0.63515625 0.0328125 0.0328125
0 0.740625 0.38046875 0.0234375 0.01328125
0 0.740625 0.42734375 0.0203125 0.0265625
0 0.74375 0.33828125 0.0109375 0.03828125
0 0.7671875 0.321875 0.03046875 0.05
0 0.771875 0.42265625 0.0203125 0.03125
0 0.775 0.39765625 0.02578125 0.02265625
0 0.7953125 0.29453125 0.0328125 0.01953125
0 0.8125 0.85625 0.0421875 0.0328125
0 0.8359375 0.36015625 0.08125 0.07109375
0 0.91015625 0.88359375 0.0859375 0.065625
0 0.9359375 0.63828125 0.12109375 0.11484375
0 0.91875 0.38515625 0.0265625 0.06171875