0 0.04453125 0.8921875 0.034375 0.053125
0 0.11640625 0.84140625 0.034375 0.046875
0 0.1265625 0.7921875 0.03125 0.05078125
0 0.14375 0.7640625 0.0328125 0.0640625
0 0.20078125 0.79609375 0.0578125 0.06640625
0 0.20625 0.753125 0.03984375 0.0640625
0 0.209375 0.67265625 0.03828125 0.053125
0 0.26875 0.7984375 0.04296875 0.08046875
0 0.32421875 0.6390625 0.0390625 0.0625
0 0.35703125 0.61640625 0.03828125 0.0484375
0 0.3578125 0.50546875 0.0375 0.06015625
0 0.3671875 0.7359375 0.05078125 0.078125
0 0.36796875 0.5765625 0.03515625 0.04921875
0 0.38203125 0.478125 0.0390625 0.06796875
0 0.3828125 0.653125 0.0328125 0.06875
0 0.43046875 0.45234375 0.0359375 0.06640625
0 0.4609375 0.7515625 0.0625 0.06796875
0 0.4796875 0.5703125 0.05078125 0.08046875
0 0.4859375 0.45859375 0.03984375 0.0703125
0 0.51171875 0.38203125 0.02734375 0.06640625
0 0.51875 0.43671875 0.034375 0.084375
0 0.540625 0.4015625 0.03984375 0.07421875
0 0.559375 0.3890625 0.03828125 0.05234375
0 0.5765625 0.45859375 0.05859375 0.08984375
0 0.6234375 0.5296875 0.0515625 0.0703125
0 0.6515625 0.41171875 0.0421875 0.08828125
0 0.66484375 0.503125 0.06875 0.09765625
0 0.7515625 0.4375 0.034375 0.07578125
0 0.7546875 0.24296875 0.0203125 0.0296875
0 0.8234375 0.19609375 0.03515625 0.01953125
0 0.8265625 0.36640625 0.03984375 0.0953125
0 0.85 0.47734375 0.07890625 0.0875
0 0.87109375 0.26171875 0.0296875 0.0625
0 0.91015625 0.2109375 0.05859375 0.07578125
0 0.965625 0.14921875 0.0453125 0.03515625