0 0.23046875 0.28828125 0.2140625 0.16171875
0 0.034375 0.16328125 0.06796875 0.096875
0 0.1640625 0.671875 0.0828125 0.07265625
0 0.20625 0.12265625 0.09296875 0.1546875
0 0.3671875 0.18671875 0.0828125 0.1046875
0 0.403125 0.4671875 0.14921875 0.16953125
0 0.4109375 0.30703125 0.059375 0.0515625
0 0.4921875 0.515625 0.0921875 0.0859375
0 0.55859375 0.4296875 0.1046875 0.1046875
0 0.61328125 0.03046875 0.1109375 0.0609375
0 0.6609375 0.10625 0.18125 0.184375
0 0.70234375 0.58359375 0.0984375 0.1046875
0 0.78046875 0.66484375 0.2390625 0.2328125
0 0.7234375 0.396875 0.0375 0.07109375
0 0.9140625 0.1296875 0.17109375 0.1515625
0 0.9390625 0.584375 0.1203125 0.1375