0 0.13984375 0.6734375 0.18125 0.33046875
0 0.275 0.49296875 0.2078125 0.3765625
0 0.309375 0.753125 0.15078125 0.23125
0 0.3765625 0.209375 0.196875 0.29765625
0 0.39765625 0.45703125 0.1921875 0.26328125
0 0.50859375 0.26875 0.14296875 0.30234375
0 0.53359375 0.74140625 0.14765625 0.24453125
0 0.6203125 0.69375 0.1015625 0.21015625
0 0.6484375 0.43515625 0.12734375 0.1734375
0 0.69609375 0.25625 0.17421875 0.26796875
0 0.69609375 0.54296875 0.15859375 0.24921875
0 0.9015625 0.6625 0.16640625 0.23984375