0 0.66171875 0.1984375 0.103125 0.13359375
0 0.40078125 0.2515625 0.1171875 0.16796875
0 0.51796875 0.1828125 0.0640625 0.12265625
0 0.5078125 0.39375 0.03125 0.0703125
0 0.515625 0.4265625 0.03828125 0.05234375
0 0.58515625 0.253125 0.04296875 0.1015625
0 0.590625 0.434375 0.05390625 0.10625
0 0.596875 0.20390625 0.04296875 0.075
0 0.671875 0.3828125 0.0609375 0.103125
0 0.7046875 0.33515625 0.06171875 0.0828125
0 0.75703125 0.45390625 0.09375 0.1140625
0 0.7546875 0.3125 0.03515625 0.1484375
0 0.81484375 0.32578125 0.08203125 0.13046875