0 0.2109375 0.37265625 0.040625 0.025
0 0.22734375 0.41484375 0.05078125 0.08046875
0 0.25390625 0.5359375 0.04140625 0.03046875
0 0.31171875 0.41796875 0.04765625 0.0390625
0 0.33359375 0.44921875 0.04375 0.03828125
0 0.4046875 0.87578125 0.03515625 0.03203125
0 0.428125 0.19921875 0.04765625 0.12109375
0 0.44453125 0.96875 0.065625 0.0390625
0 0.48359375 0.2421875 0.04453125 0.0875
0 0.49921875 0.30546875 0.07734375 0.065625
0 0.54453125 0.934375 0.07734375 0.04375
0 0.596875 0.38515625 0.078125 0.07265625
0 0.65078125 0.1546875 0.14140625 0.0703125
0 0.62734375 0.959375 0.08671875 0.05234375
0 0.684375 0.5390625 0.0421875 0.0640625
0 0.725 0.12265625 0.090625 0.09921875
0 0.7234375 0.67265625 0.0265625 0.0859375
0 0.74921875 0.98828125 0.06171875 0.0203125
0 0.7546875 0.22265625 0.0609375 0.0609375
0 0.8921875 0.25 0.02734375 0.06015625
0 0.89609375 0.42109375 0.03125 0.05234375
0 0.94453125 0.7453125 0.028125 0.05078125
0 0.97421875 0.7859375 0.05 0.02890625