0 0.83125 0.58125 0.1265625 0.1140625
0 0.05390625 0.77578125 0.1078125 0.140625
0 0.1328125 0.62421875 0.14375 0.13671875
0 0.09375 0.13671875 0.0328125 0.01953125
0 0.14375 0.228125 0.0328125 0.0203125
0 0.225 0.6421875 0.04921875 0.10859375
0 0.27734375 0.53515625 0.078125 0.0375
0 0.309375 0.309375 0.0734375 0.0515625
0 0.3046875 0.39140625 0.02265625 0.01328125
0 0.31875 0.778125 0.0328125 0.0328125
0 0.34609375 0.64921875 0.07265625 0.0703125
0 0.41796875 0.72734375 0.06015625 0.0375
0 0.5609375 0.3203125 0.0421875 0.06640625
0 0.6015625 0.50546875 0.078125 0.0796875
0 0.7578125 0.840625 0.1984375 0.13359375