0 0.715625 0.88046875 0.2546875 0.2390625
0 0.1625 0.28828125 0.2953125 0.18984375
0 0.17578125 0.1359375 0.2734375 0.23359375
0 0.175 0.51875 0.25078125 0.159375
0 0.32109375 0.70390625 0.19765625 0.18984375
0 0.325 0.425 0.0890625 0.14453125
0 0.40078125 0.234375 0.19453125 0.14296875
0 0.359375 0.5234375 0.0984375 0.11796875
0 0.38515625 0.86640625 0.0765625 0.26484375
0 0.4203125 0.42578125 0.14140625 0.14296875
0 0.52109375 0.08203125 0.2359375 0.1640625
0 0.4859375 0.6859375 0.15 0.14609375
0 0.45546875 0.82265625 0.06328125 0.115625
0 0.55234375 0.03203125 0.2203125 0.0640625
0 0.6625 0.47734375 0.38671875 0.29375
0 0.5140625 0.81796875 0.05859375 0.175
0 0.56875 0.92109375 0.071875 0.15625
0 0.5890625 0.2 0.06171875 0.08515625
0 0.74140625 0.67109375 0.20859375 0.13046875
0 0.8171875 0.04140625 0.228125 0.0828125
0 0.8625 0.21875 0.2296875 0.19921875
0 0.95546875 0.36484375 0.0875 0.15546875