0 0.41640625 0.8390625 0.12265625 0.16484375
0 0.0234375 0.83984375 0.046875 0.1171875
0 0.0265625 0.2953125 0.053125 0.159375
0 0.0296875 0.915625 0.05859375 0.0640625
0 0.03046875 0.3140625 0.0609375 0.10859375
0 0.0390625 0.47578125 0.078125 0.146875
0 0.06328125 0.6953125 0.1140625 0.17265625
0 0.103125 0.934375 0.1359375 0.12890625
0 0.12734375 0.2109375 0.1703125 0.15
0 0.1171875 0.4453125 0.146875 0.1953125
0 0.16015625 0.31171875 0.0796875 0.11328125
0 0.2453125 0.36015625 0.15 0.1484375
0 0.2515625 0.6 0.1609375 0.1703125
0 0.27109375 0.8890625 0.071875 0.1046875
0 0.3265625 0.16953125 0.1140625 0.190625
0 0.33046875 0.9203125 0.1078125 0.10546875
0 0.4078125 0.059375 0.146875 0.11796875
0 0.41484375 0.41484375 0.1078125 0.1234375
0 0.45390625 0.5421875 0.0765625 0.0828125
0 0.45078125 0.971875 0.04140625 0.05390625
0 0.4796875 0.64609375 0.08359375 0.1453125
0 0.50234375 0.0859375 0.1171875 0.1375
0 0.50703125 0.9859375 0.0765625 0.02578125
0 0.53359375 0.61640625 0.0546875 0.07890625
0 0.55390625 0.74140625 0.0875 0.1125
0 0.55234375 0.0703125 0.059375 0.140625
0 0.5625 0.53984375 0.04453125 0.14296875
0 0.60078125 0.95546875 0.08203125 0.08671875
0 0.640625 0.3625 0.1234375 0.15703125
0 0.6375 0.4953125 0.10546875 0.1703125
0 0.65234375 0.10859375 0.134375 0.16171875
0 0.646875 0.24375 0.1140625 0.11953125
0 0.6546875 0.88046875 0.0984375 0.09140625
0 0.66875 0.92109375 0.0796875 0.15078125
0 0.67265625 0.634375 0.05703125 0.07734375
0 0.72890625 0.32734375 0.07890625 0.1375
0 0.7515625 0.4921875 0.1078125 0.103125
0 0.75625 0.76875 0.11328125 0.12265625
0 0.73125 0.43125 0.05546875 0.0671875
0 0.74296875 0.590625 0.065625 0.12734375
0 0.7578125 0.9609375 0.09296875 0.07578125
0 0.79375 0.59609375 0.05546875 0.10703125
0 0.8078125 0.3515625 0.05 0.14453125
0 0.82578125 0.14609375 0.07890625 0.1140625
0 0.8734375 0.9390625 0.1203125 0.12109375
0 0.8765625 0.73046875 0.08125 0.1828125
0 0.89296875 0.24453125 0.0921875 0.11015625
0 0.928125 0.55234375 0.07734375 0.0875
0 0.9484375 0.771875 0.0703125 0.07734375
0 0.9453125 0.86640625 0.059375 0.0828125