0 0.53515625 0.6640625 0.92890625 0.6703125
0 0.1828125 0.2921875 0.03984375 0.0453125
0 0.1875 0.15234375 0.04765625 0.0671875
0 0.25625 0.259375 0.05078125 0.05703125
0 0.5046875 0.60234375 0.1671875 0.240625
0 0.5609375 0.4453125 0.06328125 0.07421875
0 0.6078125 0.421875 0.14609375 0.1
0 0.57734375 0.34296875 0.0375 0.03984375
0 0.584375 0.32421875 0.02421875 0.02578125
0 0.6046875 0.54140625 0.05078125 0.03984375
0 0.78203125 0.32109375 0.090625 0.090625
0 0.8859375 0.37265625 0.02890625 0.0328125