0 0.16953125 0.753125 0.3015625 0.1125
0 0.05703125 0.9671875 0.1140625 0.0640625
0 0.10546875 0.31171875 0.2109375 0.08671875
0 0.1875 0.87734375 0.2578125 0.0953125
0 0.265625 0.45546875 0.3 0.084375
0 0.40625 0.0453125 0.4484375 0.090625
0 0.48828125 0.56484375 0.3421875 0.11328125
0 0.484375 0.19765625 0.3015625 0.12734375
0 0.53046875 0.940625 0.31484375 0.0953125
0 0.6140625 0.33125 0.35 0.12265625
0 0.6375 0.81015625 0.30078125 0.07734375
0 0.74140625 0.66640625 0.3296875 0.0921875
0 0.803125 0.83359375 0.3328125 0.07578125
0 0.81640625 0.98359375 0.215625 0.03203125
0 0.8609375 0.4421875 0.27734375 0.1
0 0.9078125 0.73671875 0.1828125 0.07890625
0 0.91328125 0.05859375 0.171875 0.11640625
0 0.95 0.9140625 0.09921875 0.084375
0 0.9875 0.5859375 0.0234375 0.0359375