0 0.025 0.11015625 0.05 0.09609375
0 0.04765625 0.26015625 0.0953125 0.13046875
0 0.0609375 0.20390625 0.12109375 0.096875
0 0.1 0.79296875 0.1890625 0.17890625
0 0.11640625 0.46484375 0.21796875 0.13359375
0 0.215625 0.83203125 0.178125 0.08046875
0 0.259375 0.72578125 0.109375 0.13984375
0 0.23828125 0.48671875 0.05390625 0.09921875
0 0.2484375 0.8109375 0.06015625 0.096875
0 0.2953125 0.35859375 0.11875 0.11328125
0 0.3625 0.53828125 0.22421875 0.18125
0 0.31953125 0.42578125 0.0859375 0.07578125
0 0.3546875 0.63671875 0.08046875 0.08828125
0 0.359375 0.86484375 0.06953125 0.159375
0 0.40625 0.41953125 0.15546875 0.08828125
0 0.4453125 0.93125 0.14609375 0.13515625
0 0.52265625 0.69375 0.22890625 0.2
0 0.459375 0.32265625 0.08203125 0.09453125
0 0.4796875 0.75859375 0.10390625 0.07109375
0 0.47578125 0.83046875 0.09140625 0.1
0 0.5328125 0.5265625 0.1359375 0.121875
0 0.55390625 0.39921875 0.17578125 0.075
0 0.571875 0.35390625 0.109375 0.078125
0 0.590625 0.63515625 0.08828125 0.040625
0 0.653125 0.59921875 0.14296875 0.096875
0 0.6546875 0.4984375 0.134375 0.08671875
0 0.65234375 0.77421875 0.10390625 0.09140625
0 0.65078125 0.26015625 0.06875 0.12578125
0 0.6921875 0.0671875 0.04921875 0.084375
0 0.69296875 0.38515625 0.0515625 0.084375
0 0.69296875 0.175 0.028125 0.08125
0 0.746875 0.6359375 0.13125 0.08046875
0 0.74453125 0.40859375 0.08828125 0.07734375
0 0.7328125 0.24140625 0.04296875 0.06875
0 0.78984375 0.89921875 0.1578125 0.14375
0 0.78125 0.71953125 0.12265625 0.09609375
0 0.76328125 0.3078125 0.0578125 0.10078125
0 0.76015625 0.51171875 0.04453125 0.09140625
0 0.8140625 0.52578125 0.08984375 0.10546875
0 0.80703125 0.38828125 0.04921875 0.06015625
0 0.85546875 0.434375 0.0859375 0.06640625
0 0.90390625 0.7203125 0.121875 0.09921875
0 0.93671875 0.8671875 0.125 0.109375