0 0.0546875 0.29609375 0.10859375 0.09765625
0 0.046875 0.0734375 0.0734375 0.128125
0 0.44375 0.56796875 0.5671875 0.396875
0 0.20234375 0.22265625 0.05 0.12890625
0 0.234375 0.35078125 0.0703125 0.10625
0 0.41015625 0.68984375 0.36171875 0.39765625
0 0.67890625 0.37265625 0.284375 0.25
0 0.609375 0.3296875 0.0734375 0.1265625
0 0.74453125 0.1828125 0.196875 0.11328125
0 0.74921875 0.2921875 0.1 0.11328125
0 0.9109375 0.66484375 0.1765625 0.1953125
0 0.9375 0.43515625 0.1234375 0.1109375
0 0.965625 0.2328125 0.0671875 0.08359375