0 0.4921875 0.534375 0.29609375 0.63984375
0 0.215625 0.734375 0.1109375 0.08984375
0 0.25625 0.37421875 0.1796875 0.634375
0 0.2375 0.08046875 0.0765625 0.0859375
0 0.3453125 0.0640625 0.04765625 0.09765625
0 0.390625 0.203125 0.07578125 0.06484375
0 0.44140625 0.89375 0.12109375 0.06484375
0 0.4484375 0.07109375 0.0875 0.05625
0 0.4578125 0.01875 0.05234375 0.0375
0 0.5859375 0.13984375 0.0390625 0.08828125
0 0.62578125 0.04375 0.0265625 0.0875
0 0.6671875 0.05546875 0.05234375 0.0984375
0 0.71171875 0.18671875 0.0390625 0.09765625
0 0.753125 0.15703125 0.07109375 0.034375
0 0.79375 0.24453125 0.115625 0.12109375
0 0.81640625 0.35703125 0.034375 0.053125
0 0.84375 0.4171875 0.0640625 0.05234375
0 0.8765625 0.1734375 0.0703125 0.0515625
0 0.9046875 0.24609375 0.0359375 0.08046875
0 0.93125 0.27734375 0.02890625 0.0625
0 0.959375 0.065625 0.0359375 0.09765625
0 0.9671875 0.153125 0.05234375 0.0578125