0 0.0109375 0.5625 0.02109375 0.0515625
0 0.01171875 0.975 0.0234375 0.03359375
0 0.01875 0.8671875 0.03671875 0.03515625
0 0.0234375 0.81953125 0.046875 0.0484375
0 0.03828125 0.70859375 0.053125 0.04296875
0 0.05390625 0.959375 0.0140625 0.0796875
0 0.1203125 0.553125 0.05 0.03203125
0 0.1984375 0.68359375 0.03125 0.0515625
0 0.19921875 0.3796875 0.03125 0.0515625
0 0.2125 0.16171875 0.021875 0.0640625
0 0.2421875 0.10078125 0.01328125 0.0453125
0 0.246875 0.81640625 0.01796875 0.02890625
0 0.27578125 0.809375 0.0390625 0.0421875
0 0.31015625 0.65234375 0.0734375 0.140625
0 0.346875 0.90859375 0.04609375 0.04765625
0 0.33359375 0.26328125 0.0125 0.0375
0 0.36875 0.6078125 0.04140625 0.03828125
0 0.3625 0.21015625 0.0234375 0.053125
0 0.38125 0.02109375 0.0203125 0.03671875
0 0.4140625 0.31953125 0.04609375 0.034375
0 0.45390625 0.3390625 0.11640625 0.1140625
0 0.41875 0.47109375 0.03203125 0.02578125
0 0.421875 0.21640625 0.015625 0.040625
0 0.44296875 0.06015625 0.03984375 0.0390625
0 0.4453125 0.734375 0.02421875 0.10859375
0 0.453125 0.34921875 0.0375 0.02890625
0 0.4640625 0.6953125 0.01328125 0.03046875
0 0.47734375 0.73125 0.0234375 0.02109375
0 0.49375 0.44453125 0.02421875 0.03828125
0 0.5046875 0.9328125 0.04765625 0.040625
0 0.5515625 0.01484375 0.03359375 0.0296875
0 0.55234375 0.7171875 0.0234375 0.03203125
0 0.5546875 0.57890625 0.028125 0.0359375
0 0.57578125 0.10078125 0.0171875 0.03828125
0 0.58125 0.03203125 0.02734375 0.03046875
0 0.59296875 0.215625 0.0171875 0.0328125
0 0.6734375 0.3609375 0.1015625 0.084375
0 0.6984375 0.07109375 0.11875 0.1421875
0 0.678125 0.565625 0.05 0.0515625
0 0.68828125 0.1421875 0.02421875 0.0171875
0 0.7 0.80546875 0.02265625 0.04765625
0 0.7203125 0.1359375 0.0140625 0.01953125
0 0.74453125 0.56640625 0.0359375 0.03984375
0 0.74375 0.440625 0.01796875 0.0390625
0 0.753125 0.50078125 0.0375 0.06015625
0 0.80234375 0.2453125 0.0171875 0.02421875
0 0.81328125 0.1625 0.02421875 0.053125
0 0.8390625 0.696875 0.0703125 0.065625
0 0.821875 0.0859375 0.028125 0.01953125
0 0.825 0.23671875 0.02578125 0.02109375
0 0.83984375 0.24609375 0.021875 0.02890625
0 0.8859375 0.42421875 0.0265625 0.02890625
0 0.9 0.0234375 0.0296875 0.02109375
0 0.92109375 0.06796875 0.05078125 0.0484375
0 0.915625 0.09453125 0.02734375 0.03203125
0 0.9328125 0.8359375 0.03515625 0.07578125
0 0.934375 0.21015625 0.03359375 0.02421875