0 0.21484375 0.603125 0.21953125 0.32890625
0 0.01875 0.778125 0.0375 0.23125
0 0.07109375 0.8796875 0.1421875 0.2390625
0 0.08984375 0.36796875 0.1796875 0.2875
0 0.2296875 0.31484375 0.1671875 0.25
0 0.33125 0.7703125 0.16953125 0.303125
0 0.36875 0.33515625 0.11875 0.24921875
0 0.49921875 0.67734375 0.14765625 0.2890625
0 0.49453125 0.315625 0.1328125 0.2375
0 0.61953125 0.290625 0.134375 0.2015625
0 0.63828125 0.603125 0.16875 0.26796875
0 0.7578125 0.3125 0.1296875 0.25859375
0 0.76875 0.56015625 0.13828125 0.2
0 0.90390625 0.5234375 0.1546875 0.22421875
0 0.9 0.31171875 0.14296875 0.240625