0 0.09296875 0.83359375 0.1859375 0.1625
0 0.01484375 0.32421875 0.02578125 0.0453125
0 0.0390625 0.2 0.0296875 0.053125
0 0.08515625 0.19453125 0.03828125 0.04765625
0 0.10703125 0.0921875 0.0296875 0.03984375
0 0.17734375 0.4109375 0.15390625 0.11171875
0 0.13828125 0.5984375 0.03203125 0.05078125
0 0.16015625 0.04140625 0.0359375 0.034375
0 0.1609375 0.01328125 0.0296875 0.0265625
0 0.1890625 0.1984375 0.0421875 0.06171875
0 0.21484375 0.6453125 0.09375 0.11171875
0 0.1921875 0.4796875 0.028125 0.03203125
0 0.2140625 0.36796875 0.03203125 0.0265625
0 0.2171875 0.2546875 0.01796875 0.03984375
0 0.2671875 0.525 0.10625 0.04765625
0 0.240625 0.17734375 0.02578125 0.0296875
0 0.284375 0.471875 0.1078125 0.09609375
0 0.28515625 0.384375 0.08203125 0.14921875
0 0.27734375 0.15859375 0.02578125 0.0296875
0 0.4703125 0.81875 0.4 0.21328125
0 0.346875 0.15078125 0.121875 0.15703125
0 0.30625 0.490625 0.028125 0.02109375
0 0.34921875 0.51328125 0.034375 0.0453125
0 0.353125 0.315625 0.02578125 0.034375
0 0.37265625 0.4375 0.0296875 0.04765625
0 0.41875 0.29453125 0.1140625 0.07734375
0 0.396875 0.51875 0.05390625 0.034375
0 0.421875 0.38671875 0.071875 0.1015625
0 0.42578125 0.4203125 0.03203125 0.05078125
0 0.440625 0.25078125 0.0296875 0.04765625
0 0.5421875 0.19609375 0.16796875 0.08828125
0 0.56875 0.37890625 0.11015625 0.05859375
0 0.559375 0.1375 0.078125 0.06171875
0 0.56171875 0.32421875 0.0796875 0.06171875
0 0.61484375 0.0359375 0.1578125 0.071875
0 0.5953125 0.35625 0.0859375 0.05625
0 0.59921875 0.4109375 0.08203125 0.075
0 0.625 0.28828125 0.09765625 0.0796875
0 0.8 0.7828125 0.39609375 0.2265625
0 0.6859375 0.090625 0.128125 0.06953125
0 0.71171875 0.17734375 0.17578125 0.11484375
0 0.69375 0.29296875 0.10390625 0.0640625
0 0.67890625 0.3921875 0.05390625 0.0640625
0 0.7546875 0.334375 0.1296875 0.071875
0 0.7703125 0.38515625 0.10390625 0.10390625
0 0.7890625 0.44921875 0.065625 0.05625
0 0.90703125 0.37578125 0.04609375 0.04296875
0 0.928125 0.28828125 0.0640625 0.0796875
0 0.975 0.35703125 0.04609375 0.0640625
0 0.98828125 0.4203125 0.0203125 0.0453125