0 0.9015625 0.7375 0.1796875 0.1625
0 0.02578125 0.5765625 0.0515625 0.075
0 0.1890625 0.6703125 0.09609375 0.11171875
0 0.3203125 0.85234375 0.06484375 0.19765625
0 0.3953125 0.6078125 0.14140625 0.08984375
0 0.4359375 0.5 0.11015625 0.08984375
0 0.46015625 0.3828125 0.078125 0.06015625
0 0.5921875 0.3953125 0.05859375 0.053125
0 0.71953125 0.62109375 0.16484375 0.13984375
0 0.7015625 0.33125 0.08359375 0.0671875
0 0.77890625 0.33515625 0.0515625 0.05625
0 0.81171875 0.26796875 0.04609375 0.04375
0 0.84375 0.384375 0.040625 0.04609375
0 0.8484375 0.3203125 0.0375 0.0421875
0 0.878125 0.359375 0.0546875 0.04765625
0 0.9296875 0.459375 0.1390625 0.17109375
0 0.91328125 0.2375 0.01796875 0.0234375
0 0.93359375 0.31953125 0.05859375 0.0515625
0 0.9640625 0.175 0.04375 0.04375
0 0.96640625 0.2703125 0.01171875 0.034375