0 0.06640625 0.159375 0.015625 0.0296875
0 0.1203125 0.1078125 0.0140625 0.0296875
0 0.18203125 0.05546875 0.01015625 0.01484375
0 0.1859375 0.02421875 0.0078125 0.01328125
0 0.2265625 0.0578125 0.0171875 0.01484375
0 0.3328125 0.02265625 0.015625 0.015625
0 0.34453125 0.01484375 0.015625 0.01953125
0 0.378125 0.74296875 0.0515625 0.1046875
0 0.36640625 0.1859375 0.02578125 0.02421875
0 0.365625 0.078125 0.01328125 0.01171875
0 0.40078125 0.0921875 0.025 0.0125
0 0.43515625 0.53046875 0.02734375 0.046875
0 0.4515625 0.06875 0.0109375 0.02109375
0 0.459375 0.0453125 0.01015625 0.009375
0 0.509375 0.0703125 0.0171875 0.02421875
0 0.553125 0.028125 0.00625 0.0296875
0 0.56875 0.08828125 0.0140625 0.02109375
0 0.5828125 0.1953125 0.00703125 0.0359375
0 0.5875 0.065625 0.01171875 0.0140625
0 0.628125 0.228125 0.0171875 0.0125
0 0.640625 0.26875 0.01328125 0.02109375
0 0.6625 0.5578125 0.03046875 0.034375
0 0.653125 0.09375 0.0078125 0.0125
0 0.6546875 0.30078125 0.00625 0.02890625
0 0.6578125 0.26796875 0.00390625 0.01953125
0 0.68671875 0.3375 0.0125 0.0203125
0 0.7484375 0.37890625 0.00625 0.0109375
0 0.8828125 0.46015625 0.0125 0.01953125
0 0.9765625 0.671875 0.0453125 0.02890625