0 0.478125 0.77265625 0.13359375 0.20390625
0 0.10859375 0.60625 0.2171875 0.14453125
0 0.12421875 0.8390625 0.2484375 0.32109375
0 0.271875 0.421875 0.54296875 0.2484375
0 0.24296875 0.9046875 0.2484375 0.18828125
0 0.334375 0.2765625 0.0796875 0.07109375
0 0.3921875 0.5984375 0.1265625 0.1953125
0 0.3953125 0.93515625 0.08515625 0.1203125
0 0.58046875 0.30390625 0.36328125 0.290625
0 0.4921875 0.57890625 0.1015625 0.17578125
0 0.66875 0.2234375 0.40546875 0.37265625
0 0.5546875 0.8890625 0.10234375 0.2046875
0 0.57421875 0.59453125 0.0625 0.1484375
0 0.65703125 0.83515625 0.103125 0.1890625
0 0.6640625 0.58671875 0.0921875 0.16953125
0 0.740625 0.57421875 0.1015625 0.13671875
0 0.753125 0.7890625 0.1125 0.17890625
0 0.86328125 0.28359375 0.2265625 0.346875
0 0.83125 0.58359375 0.096875 0.17265625
0 0.8390625 0.75078125 0.0984375 0.1515625
0 0.9125 0.5953125 0.103125 0.1703125
0 0.93515625 0.7484375 0.11640625 0.17578125