0 0.39921875 0.115625 0.7984375 0.23046875
0 0.04453125 0.665625 0.08125 0.053125
0 0.1046875 0.6078125 0.0390625 0.140625
0 0.12421875 0.315625 0.0734375 0.07890625
0 0.1484375 0.26328125 0.0984375 0.05859375
0 0.171875 0.26484375 0.09296875 0.096875
0 0.15390625 0.58984375 0.03203125 0.1328125
0 0.18828125 0.5296875 0.0953125 0.10703125
0 0.17421875 0.41015625 0.046875 0.11015625
0 0.2078125 0.2734375 0.06171875 0.12421875
0 0.1984375 0.40703125 0.0390625 0.115625
0 0.23515625 0.51328125 0.0609375 0.12109375
0 0.22734375 0.403125 0.03984375 0.059375
0 0.26015625 0.30390625 0.0953125 0.1125
0 0.28984375 0.253125 0.08671875 0.1
0 0.2703125 0.453125 0.03515625 0.0859375
0 0.27578125 0.63125 0.028125 0.12265625
0 0.3203125 0.25234375 0.08515625 0.0390625
0 0.3171875 0.509375 0.07109375 0.1015625
0 0.303125 0.6609375 0.02890625 0.140625
0 0.31796875 0.34921875 0.04765625 0.1
0 0.3171875 0.525 0.03125 0.14140625
0 0.34921875 0.82890625 0.03515625 0.14453125
0 0.35546875 0.434375 0.0375 0.1359375
0 0.3984375 0.3046875 0.0828125 0.0921875
0 0.39375 0.3390625 0.065625 0.11015625
0 0.396875 0.353125 0.0453125 0.12734375
0 0.41171875 0.89453125 0.05703125 0.1421875
0 0.43671875 0.2640625 0.08359375 0.06640625
0 0.446875 0.42734375 0.0359375 0.14453125
0 0.47265625 0.81640625 0.0828125 0.12734375
0 0.46328125 0.4390625 0.06171875 0.11328125
0 0.5296875 0.4015625 0.06328125 0.1109375
0 0.5375 0.45390625 0.07890625 0.12265625
0 0.55 0.31484375 0.08515625 0.09296875
0 0.54375 0.271875 0.0703125 0.0890625
0 0.546875 0.553125 0.0765625 0.12734375
0 0.5734375 0.39921875 0.0609375 0.1171875
0 0.5890625 0.2296875 0.0609375 0.0359375
0 0.60625 0.34765625 0.0609375 0.0828125
0 0.6140625 0.328125 0.02890625 0.1359375
0 0.65859375 0.24375 0.1171875 0.0390625
0 0.63125 0.465625 0.04140625 0.12578125
0 0.65546875 0.5578125 0.0890625 0.1078125
0 0.6546875 0.32734375 0.0421875 0.17890625
0 0.65234375 0.4359375 0.0328125 0.11015625
0 0.65390625 0.90546875 0.03515625 0.16484375
0 0.6953125 0.56953125 0.05078125 0.12734375
0 0.7078125 0.38046875 0.05390625 0.1171875
0 0.70234375 0.4765625 0.04140625 0.1421875
0 0.74921875 0.34296875 0.1203125 0.08828125
0 0.75703125 0.2828125 0.11171875 0.0328125
0 0.7375 0.84296875 0.04296875 0.1390625
0 0.80625 0.69296875 0.0734375 0.10859375
0 0.85234375 0.2671875 0.1109375 0.0953125
0 0.90078125 0.14609375 0.19765625 0.2375
0 0.834375 0.3484375 0.059375 0.09453125
0 0.8453125 0.76796875 0.07890625 0.1375
0 0.84140625 0.5546875 0.04765625 0.0984375
0 0.8640625 0.921875 0.0703125 0.1546875
0 0.86015625 0.2390625 0.0578125 0.11328125
0 0.85703125 0.01171875 0.0390625 0.0234375
0 0.86875 0.38515625 0.05703125 0.14296875
0 0.86171875 0.440625 0.0296875 0.11640625
0 0.87265625 0.65234375 0.0328125 0.1484375
0 0.89453125 0.409375 0.0515625 0.1046875
0 0.91875 0.39921875 0.0453125 0.13046875
0 0.9625 0.53671875 0.07109375 0.1171875
0 0.95 0.31640625 0.0421875 0.1
0 0.97421875 0.4359375 0.05078125 0.05859375
0 0.9859375 0.55625 0.0265625 0.059375
0 0.99140625 0.684375 0.015625 0.02890625