0 0.05859375 0.7265625 0.05078125 0.06796875
0 0.10234375 0.734375 0.06328125 0.11171875
0 0.1109375 0.62109375 0.07265625 0.053125
0 0.1859375 0.72890625 0.07109375 0.1046875
0 0.2171875 0.76171875 0.084375 0.15703125
0 0.221875 0.584375 0.0234375 0.0578125
0 0.26796875 0.6078125 0.0796875 0.09609375
0 0.2828125 0.778125 0.08984375 0.1453125
0 0.32109375 0.60390625 0.04140625 0.07734375
0 0.36328125 0.61640625 0.05 0.11015625
0 0.38828125 0.7234375 0.071875 0.1328125
0 0.421875 0.56796875 0.0578125 0.0828125
0 0.4546875 0.603125 0.08984375 0.12421875
0 0.48984375 0.85 0.11328125 0.21171875
0 0.49765625 0.63125 0.1046875 0.11953125
0 0.52890625 0.6734375 0.11484375 0.1484375
0 0.58671875 0.890625 0.1046875 0.2171875
0 0.56328125 0.6046875 0.0265625 0.046875
0 0.64140625 0.671875 0.1296875 0.20703125
0 0.7046875 0.896875 0.11015625 0.16953125
0 0.7375 0.690625 0.11796875 0.1828125