0 0.02109375 0.6375 0.0421875 0.13984375
0 0.1015625 0.5765625 0.05703125 0.1515625
0 0.13203125 0.7203125 0.1078125 0.26640625
0 0.19296875 0.3859375 0.10625 0.12578125
0 0.25390625 0.73515625 0.2171875 0.17734375
0 0.23046875 0.6515625 0.16015625 0.209375
0 0.2640625 0.4984375 0.2171875 0.12734375
0 0.390625 0.55703125 0.16015625 0.1015625
0 0.4109375 0.74609375 0.1 0.21171875
0 0.4453125 0.56875 0.16484375 0.22265625
0 0.43203125 0.353125 0.13671875 0.13984375
0 0.46015625 0.2515625 0.0765625 0.08515625
0 0.46796875 0.2890625 0.05625 0.05546875
0 0.546875 0.6390625 0.20859375 0.11796875
0 0.5234375 0.34296875 0.11875 0.14921875
0 0.5515625 0.56015625 0.05546875 0.15
0 0.66484375 0.4359375 0.2484375 0.06640625
0 0.65703125 0.64765625 0.19140625 0.15
0 0.81171875 0.8265625 0.26875 0.1046875
0 0.74609375 0.33828125 0.04921875 0.1359375
0 0.8453125 0.66484375 0.0546875 0.06015625
0 0.903125 0.37421875 0.05546875 0.07578125