0 0.53359375 0.925 0.771875 0.128125
0 0.10859375 0.3703125 0.21640625 0.240625
0 0.2203125 0.4765625 0.4125 0.15390625
0 0.20234375 0.62578125 0.20234375 0.2359375
0 0.48359375 0.5875 0.3796875 0.11796875
0 0.48984375 0.50234375 0.37734375 0.0890625
0 0.478125 0.35234375 0.13359375 0.0515625
0 0.571875 0.184375 0.23828125 0.17578125
0 0.55703125 0.43125 0.1921875 0.0546875
0 0.52890625 0.3078125 0.12109375 0.06484375
0 0.62578125 0.28359375 0.1875 0.053125
0 0.625 0.38515625 0.16875 0.0609375
0 0.75625 0.4875 0.14140625 0.0546875
0 0.79921875 0.33359375 0.13359375 0.06796875
0 0.83359375 0.4453125 0.18671875 0.0703125
0 0.79765625 0.02734375 0.1046875 0.0546875
0 0.85 0.9203125 0.15859375 0.1578125
0 0.80703125 0.15078125 0.06171875 0.040625
0 0.84296875 0.403125 0.12265625 0.05703125
0 0.93984375 0.1 0.11796875 0.08671875
0 0.93125 0.4796875 0.08515625 0.0453125