0 0.4390625 0.6078125 0.453125 0.3703125
0 0.034375 0.39453125 0.02890625 0.02421875
0 0.08828125 0.4734375 0.0109375 0.01015625
0 0.10859375 0.54140625 0.025 0.03984375
0 0.1125 0.44765625 0.0203125 0.02109375
0 0.14296875 0.35390625 0.015625 0.02265625
0 0.17109375 0.296875 0.0359375 0.046875
0 0.19140625 0.3046875 0.0171875 0.0171875
0 0.39453125 0.20234375 0.0640625 0.04296875
0 0.44375 0.1546875 0.075 0.07578125
0 0.4359375 0.26328125 0.00859375 0.01015625
0 0.5625 0.18203125 0.02421875 0.02734375
0 0.5890625 0.13828125 0.0453125 0.034375
0 0.59765625 0.08203125 0.05703125 0.03359375
0 0.73828125 0.16875 0.01328125 0.0140625
0 0.7765625 0.1015625 0.0734375 0.0515625