0 0.109375 0.8 0.21796875 0.1578125
0 0.184375 0.86328125 0.36875 0.21171875
0 0.1859375 0.88671875 0.359375 0.1859375
0 0.14921875 0.68125 0.265625 0.13671875
0 0.228125 0.628125 0.3453125 0.0921875
0 0.25546875 0.6046875 0.37890625 0.0921875
0 0.1703125 0.771875 0.18046875 0.12109375
0 0.21015625 0.67578125 0.2140625 0.11953125
0 0.20546875 0.5328125 0.11796875 0.1046875
0 0.33515625 0.88203125 0.3421875 0.2015625
0 0.290625 0.66640625 0.24296875 0.128125
0 0.315625 0.753125 0.2046875 0.090625
0 0.36953125 0.52890625 0.25859375 0.1046875
0 0.3359375 0.6921875 0.16484375 0.0984375
0 0.30703125 0.47734375 0.0984375 0.06875
0 0.4109375 0.88046875 0.2953125 0.2046875
0 0.33046875 0.43984375 0.10078125 0.05703125
0 0.32890625 0.409375 0.0890625 0.034375
0 0.53984375 0.26640625 0.4609375 0.1609375
0 0.36015625 0.3234375 0.05703125 0.0375
0 0.36875 0.38046875 0.06875 0.0359375
0 0.42734375 0.409375 0.1234375 0.0296875
0 0.47890625 0.390625 0.22734375 0.04453125
0 0.5296875 0.87109375 0.328125 0.22734375
0 0.559375 0.421875 0.3765625 0.0890625
0 0.48125 0.4296875 0.21171875 0.0328125
0 0.47890625 0.45078125 0.19296875 0.02734375
0 0.5421875 0.44296875 0.2828125 0.0328125
0 0.47421875 0.4671875 0.1328125 0.0421875
0 0.5421875 0.18671875 0.25859375 0.0890625
0 0.58515625 0.23359375 0.33046875 0.0984375
0 0.5421875 0.3140625 0.1453125 0.02265625
0 0.6359375 0.8640625 0.2640625 0.2609375
0 0.63671875 0.46640625 0.2015625 0.0375
0 0.59765625 0.2375 0.11328125 0.04453125
0 0.66171875 0.4859375 0.1578125 0.053125
0 0.67265625 0.5984375 0.1453125 0.0890625
0 0.725 0.6234375 0.1671875 0.09375
0 0.70078125 0.88984375 0.10234375 0.19296875
0 0.79296875 0.5640625 0.2390625 0.1234375
0 0.74921875 0.65390625 0.1359375 0.0671875
0 0.840625 0.72578125 0.21171875 0.15234375
0 0.81875 0.85625 0.14765625 0.23828125
0 0.8859375 0.8546875 0.22734375 0.24609375
0 0.8796875 0.715625 0.1703125 0.17578125
0 0.896875 0.82265625 0.2046875 0.1359375
0 0.90390625 0.7 0.1703125 0.21015625