0 0.0703125 0.44453125 0.02734375 0.0359375
0 0.41171875 0.54765625 0.1296875 0.06328125
0 0.4078125 0.4890625 0.0859375 0.03984375
0 0.4125 0.63515625 0.05078125 0.07109375
0 0.4578125 0.5125 0.13984375 0.0484375
0 0.453125 0.59140625 0.12109375 0.05859375
0 0.4375 0.46796875 0.0484375 0.02734375
0 0.5453125 0.56796875 0.0453125 0.09140625
0 0.57578125 0.36875 0.0515625 0.02265625
0 0.59296875 0.47265625 0.06640625 0.0375
0 0.6140625 0.35703125 0.0359375 0.03046875
0 0.6765625 0.39609375 0.0671875 0.05
0 0.890625 0.5609375 0.209375 0.12265625
0 0.859375 0.446875 0.059375 0.0375
0 0.90078125 0.3875 0.0859375 0.03359375
0 0.94140625 0.53125 0.11640625 0.0625
0 0.9765625 0.41484375 0.0453125 0.02421875