0 0.02109375 0.11484375 0.0421875 0.046875
0 0.0390625 0.65546875 0.078125 0.0984375
0 0.04375 0.078125 0.08671875 0.1140625
0 0.04609375 0.7359375 0.0921875 0.1546875
0 0.059375 0.88984375 0.11875 0.1421875
0 0.0796875 0.50703125 0.15625 0.1828125
0 0.05625 0.0171875 0.08125 0.034375
0 0.1265625 0.915625 0.21796875 0.16640625
0 0.428125 0.67890625 0.70234375 0.640625
0 0.1609375 0.15546875 0.10859375 0.1078125
0 0.190625 0.28984375 0.13828125 0.1546875
0 0.1796875 0.225 0.10625 0.11171875
0 0.2671875 0.18203125 0.1671875 0.21953125
0 0.35546875 0.3421875 0.1046875 0.15
0 0.3625 0.19296875 0.0796875 0.08984375
0 0.41171875 0.12265625 0.1640625 0.09296875
0 0.4625 0.87109375 0.2359375 0.1046875
0 0.52578125 0.36328125 0.23125 0.19765625
0 0.5109375 0.19609375 0.15625 0.0953125
0 0.5609375 0.703125 0.1859375 0.1
0 0.5375 0.35234375 0.1328125 0.2375
0 0.578125 0.08203125 0.05703125 0.0515625
0 0.634375 0.33046875 0.15390625 0.096875
0 0.58203125 0.053125 0.04609375 0.0671875
0 0.68671875 0.48046875 0.10546875 0.12578125
0 0.709375 0.41640625 0.0984375 0.1125
0 0.7578125 0.67734375 0.14609375 0.196875
0 0.80234375 0.51875 0.20546875 0.07265625
0 0.81015625 0.5515625 0.2171875 0.1515625
0 0.87890625 0.47421875 0.1703125 0.1203125
0 0.9125 0.425 0.1734375 0.1015625
0 0.89609375 0.171875 0.08359375 0.1875
0 0.94296875 0.54765625 0.1125 0.0828125
0 0.96796875 0.3296875 0.0625 0.1046875