0 0.43671875 0.82265625 0.0984375 0.12734375
0 0.0859375 0.2171875 0.0484375 0.0328125
0 0.17734375 0.9109375 0.07578125 0.17578125
0 0.28046875 0.4265625 0.0890625 0.10625
0 0.26328125 0.03359375 0.0140625 0.01015625
0 0.2875 0.01953125 0.0234375 0.03125
0 0.34375 0.09609375 0.0234375 0.01484375
0 0.3984375 0.50390625 0.11796875 0.1640625
0 0.3578125 0.11328125 0.021875 0.0234375
0 0.37578125 0.203125 0.00625 0.02421875
0 0.403125 0.03359375 0.0421875 0.04765625
0 0.403125 0.12109375 0.0265625 0.01875
0 0.4328125 0.2296875 0.02578125 0.03671875
0 0.453125 0.18984375 0.01953125 0.021875
0 0.4625 0.0953125 0.0359375 0.0203125
0 0.459375 0.28828125 0.0203125 0.02578125
0 0.45625 0.178125 0.01171875 0.021875
0 0.48046875 0.196875 0.01328125 0.04765625
0 0.484375 0.328125 0.0171875 0.0171875
0 0.48984375 0.25625 0.02421875 0.0234375
0 0.50625 0.1921875 0.021875 0.02734375
0 0.62109375 0.96015625 0.04140625 0.03125
0 0.67890625 0.39453125 0.0359375 0.03828125
0 0.715625 0.41328125 0.01796875 0.01796875