0 0.82890625 0.5703125 0.10703125 0.1390625
0 0.05703125 0.903125 0.1140625 0.19140625
0 0.25078125 0.8421875 0.11484375 0.165625
0 0.22109375 0.71328125 0.03515625 0.040625
0 0.25 0.55703125 0.0578125 0.04609375
0 0.33984375 0.84921875 0.17109375 0.18046875
0 0.28046875 0.45625 0.0328125 0.034375
0 0.32109375 0.66796875 0.01484375 0.0375
0 0.3390625 0.31796875 0.02890625 0.06484375
0 0.365625 0.71171875 0.07890625 0.1125
0 0.36875 0.521875 0.0328125 0.02421875
0 0.3890625 0.45390625 0.0296875 0.0328125
0 0.45546875 0.36953125 0.0203125 0.046875
0 0.46015625 0.65625 0.02421875 0.0375
0 0.49765625 0.53046875 0.0296875 0.03046875
0 0.5546875 0.60859375 0.04140625 0.04609375
0 0.5625 0.3890625 0.05546875 0.0484375
0 0.54921875 0.41328125 0.021875 0.03515625
0 0.55859375 0.71953125 0.04140625 0.02734375
0 0.57109375 0.5453125 0.0375 0.03671875
0 0.58671875 0.48203125 0.0609375 0.09921875
0 0.57578125 0.6953125 0.03359375 0.03984375
0 0.5890625 0.82890625 0.03984375 0.05703125
0 0.64140625 0.45234375 0.0421875 0.0390625
0 0.6484375 0.78359375 0.0171875 0.03828125
0 0.6828125 0.70703125 0.06953125 0.0984375
0 0.67265625 0.9859375 0.04609375 0.02578125
0 0.6828125 0.58515625 0.0515625 0.04453125
0 0.6921875 0.48984375 0.0546875 0.03671875
0 0.68671875 0.80234375 0.0234375 0.06796875
0 0.696875 0.78671875 0.0234375 0.0375
0 0.71171875 0.51484375 0.0328125 0.03828125
0 0.71171875 0.53671875 0.015625 0.02109375
0 0.73515625 0.584375 0.0296875 0.02890625
0 0.79375 0.78203125 0.0453125 0.05859375
0 0.9078125 0.47421875 0.0453125 0.0359375
0 0.94375 0.4984375 0.04609375 0.05703125