0 0.02421875 0.5140625 0.04140625 0.02578125
0 0.0265625 0.36796875 0.04375 0.04140625
0 0.03515625 0.3375 0.0375 0.0203125
0 0.05703125 0.42890625 0.0453125 0.040625
0 0.08046875 0.728125 0.08046875 0.046875
0 0.071875 0.63515625 0.0546875 0.02734375
0 0.10234375 0.56640625 0.065625 0.06953125
0 0.115625 0.4796875 0.04453125 0.02578125
0 0.12890625 0.67109375 0.04375 0.03984375
0 0.1375 0.634375 0.05703125 0.0328125
0 0.13515625 0.509375 0.0390625 0.03046875
0 0.12734375 0.40703125 0.02109375 0.0328125
0 0.13828125 0.45625 0.02421875 0.02421875
0 0.15625 0.40859375 0.0203125 0.02890625
0 0.16953125 0.775 0.02421875 0.03828125
0 0.18125 0.44453125 0.03984375 0.0203125
0 0.1828125 0.415625 0.03359375 0.02578125
0 0.1921875 0.36484375 0.03359375 0.03515625
0 0.221875 0.53359375 0.07265625 0.034375
0 0.21953125 0.571875 0.03359375 0.03515625
0 0.2375 0.49921875 0.028125 0.02734375
0 0.246875 0.4046875 0.0453125 0.03046875
0 0.26484375 0.54765625 0.0296875 0.03515625
0 0.2703125 0.60390625 0.0375 0.0328125
0 0.27734375 0.36875 0.0359375 0.02734375
0 0.3078125 0.49765625 0.01953125 0.01640625
0 0.3203125 0.41875 0.02890625 0.02421875
0 0.32265625 0.8078125 0.01796875 0.02421875
0 0.33671875 0.51328125 0.01796875 0.02734375
0 0.3359375 0.4828125 0.01171875 0.015625
0 0.3578125 0.98828125 0.0390625 0.02265625
0 0.35078125 0.70703125 0.01796875 0.02578125
0 0.35 0.4921875 0.00703125 0.01328125
0 0.3546875 0.5421875 0.015625 0.02109375
0 0.35703125 0.41328125 0.0203125 0.02421875
0 0.3578125 0.4984375 0.0109375 0.01484375
0 0.3609375 0.58046875 0.01484375 0.0171875
0 0.3703125 0.5046875 0.015625 0.0171875
0 0.3734375 0.53125 0.01953125 0.015625
0 0.375 0.4140625 0.0140625 0.01484375
0 0.38046875 0.4921875 0.01484375 0.02421875
0 0.3796875 0.54296875 0.0078125 0.01171875
0 0.38359375 0.58671875 0.015625 0.0140625
0 0.38671875 0.7015625 0.0171875 0.01796875
0 0.38671875 0.55078125 0.0140625 0.01328125
0 0.38828125 0.6171875 0.015625 0.02265625
0 0.41015625 0.96484375 0.05703125 0.06015625
0 0.38828125 0.57890625 0.0109375 0.02109375
0 0.39765625 0.5796875 0.0125 0.01953125
0 0.4 0.5265625 0.0125 0.01953125
0 0.40390625 0.49609375 0.01796875 0.0203125
0 0.40703125 0.625 0.0171875 0.01640625
0 0.415625 0.5765625 0.0171875 0.01953125
0 0.41875 0.6078125 0.01640625 0.02421875
0 0.42265625 0.73359375 0.021875 0.02734375
0 0.425 0.6921875 0.01328125 0.02421875
0 0.434375 0.61953125 0.0171875 0.02109375
0 0.440625 0.58203125 0.01953125 0.0171875
0 0.4421875 0.82890625 0.0140625 0.03984375
0 0.45078125 0.41953125 0.0265625 0.03359375
0 0.47421875 0.58203125 0.0296875 0.040625
0 0.46875 0.6328125 0.015625 0.02265625
0 0.4828125 0.53203125 0.01796875 0.03046875
0 0.48125 0.50234375 0.01328125 0.0328125
0 0.48828125 0.78671875 0.0171875 0.02734375
0 0.49375 0.43046875 0.0203125 0.0140625
0 0.509375 0.4546875 0.01953125 0.034375
0 0.5296875 0.54453125 0.03515625 0.0203125
0 0.5453125 0.7921875 0.03203125 0.04453125
0 0.54765625 0.43828125 0.01953125 0.02578125
0 0.5859375 0.67109375 0.028125 0.02734375
0 0.60078125 0.55859375 0.05078125 0.02578125
0 0.6 0.36640625 0.0203125 0.01640625
0 0.61640625 0.4140625 0.0265625 0.03359375
0 0.6328125 0.49765625 0.04140625 0.04140625
0 0.68828125 0.52578125 0.03125 0.03046875
0 0.69140625 0.4734375 0.0328125 0.02109375
0 0.7171875 0.6078125 0.08203125 0.04453125
0 0.6921875 0.62109375 0.0296875 0.02734375
0 0.71015625 0.44921875 0.02890625 0.02421875
0 0.796875 0.38125 0.0390625 0.02578125
0 0.8015625 0.66640625 0.04765625 0.03046875
0 0.809375 0.58125 0.053125 0.0390625
0 0.82890625 0.6484375 0.03359375 0.05
0 0.8640625 0.61328125 0.05 0.0625
0 0.91640625 0.49453125 0.01328125 0.03203125
0 0.93046875 0.83671875 0.021875 0.034375
0 0.94375 0.546875 0.0265625 0.0296875
0 0.9875 0.88203125 0.02421875 0.04140625