0 0.15390625 0.7 0.0421875 0.05859375
0 0.17890625 0.7546875 0.059375 0.0640625
0 0.1703125 0.36796875 0.0375 0.04765625
0 0.17890625 0.57265625 0.0515625 0.04140625
0 0.178125 0.4609375 0.0453125 0.0328125
0 0.1828125 0.08984375 0.028125 0.0359375
0 0.1921875 0.23515625 0.04140625 0.0109375
0 0.1953125 0.8109375 0.03984375 0.0640625
0 0.22578125 0.71953125 0.03671875 0.06171875
0 0.221875 0.071875 0.01796875 0.02734375
0 0.2203125 0.6203125 0.0046875 0.07578125
0 0.25078125 0.76484375 0.05703125 0.04296875
0 0.2359375 0.38359375 0.025 0.03046875
0 0.2640625 0.79296875 0.046875 0.06484375
0 0.26015625 0.46640625 0.028125 0.053125
0 0.26875 0.57734375 0.0296875 0.05703125
0 0.29921875 0.47578125 0.0375 0.090625
0 0.31328125 0.6234375 0.0515625 0.03046875
0 0.31875 0.4109375 0.0609375 0.02421875
0 0.31640625 0.38046875 0.053125 0.046875
0 0.3375 0.77109375 0.02421875 0.06171875
0 0.3375 0.9015625 0.02421875 0.06171875
0 0.3375 0.5671875 0.021875 0.06171875
0 0.3546875 0.70703125 0.0359375 0.065625
0 0.35703125 0.83828125 0.0390625 0.07265625
0 0.36328125 0.403125 0.04453125 0.05703125
0 0.359375 0.94453125 0.03046875 0.05
0 0.353125 0.696875 0.0125 0.06953125
0 0.359375 0.35078125 0.015625 0.01328125
0 0.38359375 0.61328125 0.0296875 0.03984375
0 0.38828125 0.753125 0.0171875 0.09453125
0 0.39140625 0.434375 0.02265625 0.02265625
0 0.39296875 0.38984375 0.0265625 0.0359375
0 0.40078125 0.96796875 0.0328125 0.0625
0 0.4203125 0.5015625 0.04921875 0.02890625
0 0.41796875 0.73359375 0.0328125 0.0640625
0 0.43359375 0.225 0.03984375 0.03515625
0 0.434375 0.26328125 0.02578125 0.03046875
0 0.49609375 0.76484375 0.0578125 0.04453125
0 0.54375 0.8453125 0.0578125 0.09296875
0 0.58125 0.421875 0.01953125 0.0140625
0 0.64375 0.6703125 0.07734375 0.05703125
0 0.659375 0.721875 0.0796875 0.02890625
0 0.6609375 0.32421875 0.03515625 0.0359375
0 0.75 0.82109375 0.08203125 0.03828125
0 0.74765625 0.98359375 0.0703125 0.03203125
0 0.74140625 0.58515625 0.0296875 0.02421875
0 0.78359375 0.54609375 0.0203125 0.00703125
0 0.84140625 0.5859375 0.0546875 0.05859375
0 0.8609375 0.31015625 0.0671875 0.0515625
0 0.84609375 0.49296875 0.02421875 0.01953125
0 0.9 0.4859375 0.0421875 0.01171875
0 0.94296875 0.68203125 0.0703125 0.0484375
0 0.959375 0.42734375 0.0453125 0.01484375
0 0.96171875 0.46171875 0.0421875 0.03984375
0 0.97265625 0.53515625 0.053125 0.0515625
0 0.984375 0.40078125 0.0296875 0.0171875