0 0.42421875 0.64375 0.2640625 0.35390625
0 0.04453125 0.32421875 0.059375 0.0640625
0 0.07109375 0.390625 0.0453125 0.028125
0 0.1921875 0.284375 0.0546875 0.05859375
0 0.23046875 0.40234375 0.0046875 0.0125
0 0.41875 0.22578125 0.16875 0.15859375
0 0.4171875 0.36953125 0.02734375 0.02890625
0 0.56015625 0.26640625 0.04140625 0.0328125
0 0.5625 0.2296875 0.04296875 0.02578125
0 0.5984375 0.53359375 0.02421875 0.02109375
0 0.61640625 0.3703125 0.01171875 0.02421875
0 0.62578125 0.34296875 0.0234375 0.02421875
0 0.634375 0.234375 0.02421875 0.0203125
0 0.703125 0.61953125 0.14453125 0.12734375
0 0.6703125 0.76171875 0.02265625 0.0390625
0 0.6828125 0.44765625 0.01796875 0.02734375
0 0.7515625 0.37890625 0.00625 0.0078125
0 0.75859375 0.30546875 0.0046875 0.0125
0 0.80859375 0.134375 0.0953125 0.1484375
0 0.79453125 0.71484375 0.05546875 0.040625
0 0.815625 0.74765625 0.0453125 0.0546875
0 0.98125 0.7953125 0.03359375 0.1015625