0 0.8890625 0.7140625 0.20625 0.21015625
0 0.07890625 0.28828125 0.1078125 0.1625
0 0.08828125 0.45078125 0.0890625 0.128125
0 0.0734375 0.39296875 0.03671875 0.03984375
0 0.20625 0.53046875 0.16796875 0.1453125
0 0.1671875 0.26484375 0.078125 0.11171875
0 0.15546875 0.3859375 0.0453125 0.075
0 0.2265625 0.2796875 0.12421875 0.128125
0 0.26015625 0.690625 0.1359375 0.16171875
0 0.25859375 0.4 0.08828125 0.10625
0 0.2671875 0.21484375 0.071875 0.0671875
0 0.3265625 0.33828125 0.1484375 0.12421875
0 0.31328125 0.4859375 0.109375 0.15390625
0 0.3765625 0.58125 0.13046875 0.13671875
0 0.3953125 0.28359375 0.09453125 0.1265625
0 0.43828125 0.52109375 0.1203125 0.17734375
0 0.43828125 0.4109375 0.075 0.128125
0 0.490625 0.36875 0.0890625 0.115625
0 0.5328125 0.5765625 0.12578125 0.20859375
0 0.53671875 0.40703125 0.04375 0.0796875
0 0.61015625 0.42265625 0.1171875 0.15390625
0 0.61796875 0.49765625 0.0453125 0.0515625
0 0.640625 0.37265625 0.07265625 0.10234375
0 0.6765625 0.47734375 0.05625 0.0953125
0 0.728125 0.603125 0.11953125 0.096875
0 0.74453125 0.5296875 0.06875 0.078125
0 0.80234375 0.9171875 0.09921875 0.115625
0 0.8703125 0.5578125 0.08046875 0.08984375
0 0.93515625 0.59296875 0.09453125 0.11015625
0 0.94765625 0.5359375 0.0640625 0.0453125