0 0.0125 0.0765625 0.02421875 0.0328125
0 0.01328125 0.11796875 0.0265625 0.03828125
0 0.01640625 0.1078125 0.0328125 0.04765625
0 0.0171875 0.6015625 0.034375 0.09609375
0 0.0234375 0.0359375 0.0296875 0.0484375
0 0.0296875 0.08203125 0.03125 0.0484375
0 0.0546875 0.5 0.08203125 0.2171875
0 0.0421875 0.0625 0.034375 0.06640625
0 0.06171875 0.9375 0.034375 0.12265625
0 0.47578125 0.521875 0.7609375 0.7515625
0 0.17421875 0.609375 0.1546875 0.1375
0 0.2203125 0.69921875 0.1765625 0.1375
0 0.18671875 0.22578125 0.04921875 0.11796875
0 0.19375 0.18828125 0.06328125 0.1375
0 0.253125 0.1828125 0.0796875 0.14296875
0 0.24609375 0.2328125 0.046875 0.03671875
0 0.334375 0.7125 0.16328125 0.17890625
0 0.36015625 0.815625 0.20546875 0.06171875
0 0.42890625 0.859375 0.30390625 0.0859375
0 0.4421875 0.984375 0.265625 0.028125
0 0.3578125 0.1140625 0.08359375 0.14453125
0 0.39609375 0.21171875 0.07890625 0.1015625
0 0.478125 0.81171875 0.12421875 0.33828125
0 0.4484375 0.16328125 0.04140625 0.12265625
0 0.446875 0.19296875 0.03046875 0.13125
0 0.47421875 0.1375 0.034375 0.1125
0 0.50859375 0.13125 0.07890625 0.15390625
0 0.6 0.240625 0.17890625 0.0859375
0 0.6 0.3125 0.159375 0.18203125
0 0.59453125 0.2765625 0.0921875 0.059375
0 0.66640625 0.903125 0.21953125 0.190625
0 0.64609375 0.9265625 0.17265625 0.14296875
0 0.61015625 0.453125 0.08125 0.2453125
0 0.75078125 0.79453125 0.2765625 0.23046875
0 0.778125 0.884375 0.26875 0.1375
0 0.75625 0.371875 0.21171875 0.11484375
0 0.709375 0.0203125 0.0875 0.040625
0 0.753125 0.40390625 0.16328125 0.075
0 0.76796875 0.0265625 0.0359375 0.053125
0 0.8390625 0.0171875 0.1078125 0.03359375
0 0.87890625 0.48046875 0.18203125 0.0875
0 0.89453125 0.59921875 0.20859375 0.0875
0 0.82734375 0.1 0.06953125 0.14296875
0 0.8578125 0.79921875 0.128125 0.3578125
0 0.875 0.50390625 0.15859375 0.06796875
0 0.87734375 0.64921875 0.10859375 0.07265625
0 0.8859375 0.03359375 0.12109375 0.04765625
0 0.91875 0.075 0.09375 0.0765625
0 0.94296875 0.04140625 0.08671875 0.0828125
0 0.96953125 0.01484375 0.0390625 0.0296875
0 0.98359375 0.02421875 0.03046875 0.0484375
0 0.9875 0.084375 0.02265625 0.0828125