0 0.03125 0.3484375 0.0625 0.103125
0 0.0328125 0.1390625 0.065625 0.071875
0 0.03359375 0.05234375 0.0671875 0.09609375
0 0.03359375 0.72265625 0.0671875 0.07734375
0 0.0421875 0.2296875 0.084375 0.1109375
0 0.065625 0.39453125 0.0765625 0.12734375
0 0.0796875 0.4953125 0.08984375 0.07734375
0 0.06953125 0.25234375 0.0578125 0.05
0 0.075 0.62265625 0.053125 0.09453125
0 0.1890625 0.659375 0.25546875 0.67890625
0 0.1546875 0.3734375 0.1796875 0.15
0 0.11015625 0.1421875 0.06953125 0.06640625
0 0.12421875 0.7421875 0.09453125 0.05
0 0.1109375 0.22890625 0.06328125 0.0671875
0 0.1109375 0.915625 0.0421875 0.1046875
0 0.165625 0.1625 0.06171875 0.06484375
0 0.18671875 0.23671875 0.0953125 0.12578125
0 0.175 0.5296875 0.0265625 0.06484375
0 0.59296875 0.34609375 0.8125 0.6921875
0 0.23359375 0.975 0.06640625 0.0484375
0 0.2515625 0.3578125 0.07109375 0.07734375
0 0.2390625 0.28359375 0.03984375 0.10546875
0 0.3140625 0.89453125 0.09453125 0.11015625
0 0.29609375 0.31171875 0.04609375 0.04453125
0 0.3515625 0.5953125 0.05390625 0.04609375
0 0.38828125 0.70859375 0.10859375 0.10703125
0 0.5796875 0.78515625 0.359375 0.428125
0 0.5453125 0.62734375 0.09140625 0.0828125
0 0.578125 0.63984375 0.0640625 0.1046875
0 0.578125 0.45390625 0.065625 0.08828125
0 0.60625 0.41015625 0.0921875 0.07890625
0 0.7171875 0.59921875 0.26171875 0.21796875
0 0.61875 0.6625 0.0453125 0.05703125
0 0.6671875 0.92734375 0.08515625 0.14453125
0 0.9046875 0.95078125 0.1859375 0.09765625
0 0.92890625 0.85390625 0.140625 0.16640625
0 0.94375 0.92578125 0.1109375 0.1453125