0 0.04453125 0.57265625 0.0890625 0.059375
0 0.0515625 0.70625 0.103125 0.0375
0 0.04453125 0.25390625 0.0203125 0.01953125
0 0.08046875 0.2921875 0.04609375 0.0390625
0 0.078125 0.07578125 0.0234375 0.0234375
0 0.1078125 0.21171875 0.0375 0.034375
0 0.11796875 0.303125 0.03359375 0.0375
0 0.1234375 0.28828125 0.0375 0.02734375
0 0.13359375 0.23828125 0.0234375 0.0171875
0 0.15 0.63046875 0.05703125 0.06015625
0 0.14921875 0.13203125 0.01015625 0.02890625
0 0.196875 0.8265625 0.0875 0.05859375
0 0.18203125 0.978125 0.053125 0.04140625
0 0.17421875 0.2234375 0.02578125 0.02265625
0 0.18359375 0.2 0.021875 0.0296875
0 0.18984375 0.153125 0.0109375 0.03203125
0 0.215625 0.14375 0.01171875 0.02890625
0 0.24921875 0.18359375 0.06171875 0.0546875
0 0.2625 0.69609375 0.046875 0.034375
0 0.2609375 0.2859375 0.0421875 0.02578125
0 0.253125 0.140625 0.01796875 0.02109375
0 0.25546875 0.3734375 0.01796875 0.03203125
0 0.2578125 0.096875 0.0203125 0.01953125
0 0.26171875 0.81796875 0.02578125 0.07578125
0 0.26953125 0.6546875 0.0265625 0.0484375
0 0.275 0.146875 0.03203125 0.02421875
0 0.2703125 0.06640625 0.0171875 0.0125
0 0.27578125 0.35625 0.028125 0.02421875
0 0.28671875 0.584375 0.0453125 0.03046875
0 0.27421875 0.390625 0.01171875 0.02109375
0 0.30234375 0.48515625 0.06875 0.06171875
0 0.296875 0.1859375 0.03359375 0.02265625
0 0.3 0.7765625 0.0359375 0.01328125
0 0.28984375 0.1234375 0.0140625 0.01171875
0 0.303125 0.1328125 0.01484375 0.0171875
0 0.3125 0.8359375 0.0328125 0.0359375
0 0.32734375 0.70859375 0.0546875 0.0640625
0 0.31328125 0.19453125 0.0078125 0.01953125
0 0.315625 0.1421875 0.01171875 0.02578125
0 0.3171875 0.16484375 0.015625 0.0140625
0 0.32578125 0.38046875 0.0296875 0.02421875
0 0.328125 0.434375 0.0265625 0.05
0 0.32421875 0.16484375 0.0140625 0.02421875
0 0.3328125 0.809375 0.0171875 0.0515625
0 0.33125 0.19140625 0.01171875 0.015625
0 0.3453125 0.725 0.0359375 0.096875
0 0.33984375 0.3046875 0.021875 0.07265625
0 0.33671875 0.13203125 0.01328125 0.02578125
0 0.3453125 0.53046875 0.02734375 0.01796875
0 0.3453125 0.496875 0.0171875 0.02421875
0 0.3515625 0.60625 0.021875 0.02578125
0 0.35078125 0.4421875 0.01796875 0.02109375
0 0.3546875 0.40859375 0.02578125 0.02578125
0 0.3609375 0.45703125 0.02265625 0.02265625
0 0.359375 0.1578125 0.01796875 0.02421875
0 0.3625 0.2015625 0.0234375 0.02890625
0 0.3578125 0.2234375 0.0109375 0.0390625
0 0.37109375 0.2328125 0.0171875 0.02109375
0 0.37578125 0.5015625 0.0171875 0.0203125
0 0.3859375 0.56328125 0.03515625 0.02578125
0 0.384375 0.246875 0.0203125 0.02109375
0 0.3859375 0.171875 0.0234375 0.02890625
0 0.3953125 0.4078125 0.0359375 0.03046875
0 0.390625 0.54609375 0.02578125 0.02421875
0 0.3875 0.5265625 0.0109375 0.03359375
0 0.39765625 0.353125 0.02890625 0.03046875
0 0.39453125 0.2828125 0.0203125 0.0390625
0 0.396875 0.234375 0.01953125 0.00859375
0 0.409375 0.13671875 0.03203125 0.04453125
0 0.4125 0.2828125 0.02578125 0.02578125
0 0.4171875 0.42890625 0.0328125 0.01484375
0 0.41875 0.57109375 0.02265625 0.02578125
0 0.4203125 0.46171875 0.025 0.02578125
0 0.4328125 0.62578125 0.0375 0.0515625
0 0.42421875 0.3453125 0.0171875 0.01484375
0 0.43125 0.23828125 0.01953125 0.02109375
0 0.440625 0.46875 0.0296875 0.0421875
0 0.4390625 0.33671875 0.0140625 0.02109375
0 0.44375 0.27421875 0.0203125 0.046875
0 0.44609375 0.39609375 0.01171875 0.04140625
0 0.45390625 0.5765625 0.0203125 0.01796875
0 0.48046875 0.528125 0.0421875 0.03359375
0 0.4703125 0.64921875 0.01953125 0.0359375
0 0.46953125 0.2578125 0.015625 0.02734375
0 0.49453125 0.5953125 0.0515625 0.02421875
0 0.49140625 0.6140625 0.0328125 0.03203125
0 0.4796875 0.271875 0.0078125 0.01953125
0 0.48671875 0.21953125 0.01796875 0.02109375
0 0.4921875 0.25625 0.01953125 0.0328125
0 0.4953125 0.3359375 0.0109375 0.02578125
0 0.49609375 0.2796875 0.0109375 0.0140625
0 0.50625 0.46796875 0.02421875 0.02734375
0 0.5203125 0.63203125 0.0390625 0.0125
0 0.50703125 0.28359375 0.0078125 0.0125
0 0.51328125 0.6421875 0.0203125 0.02421875
0 0.5171875 0.30859375 0.0125 0.02265625
0 0.5375 0.47890625 0.03515625 0.0671875
0 0.565625 0.6375 0.08828125 0.053125
0 0.53359375 0.365625 0.0109375 0.02890625
0 0.54296875 0.25703125 0.02421875 0.0140625
0 0.54453125 0.28125 0.02578125 0.02109375
0 0.54296875 0.3046875 0.01171875 0.02265625
0 0.57421875 0.509375 0.06484375 0.08671875
0 0.55390625 0.36796875 0.0125 0.02421875
0 0.5609375 0.41484375 0.021875 0.046875
0 0.55546875 0.31953125 0.00859375 0.0234375
0 0.5609375 0.29453125 0.009375 0.01796875
0 0.565625 0.228125 0.015625 0.02734375
0 0.56875 0.278125 0.0171875 0.03046875
0 0.5765625 0.30234375 0.0265625 0.02421875
0 0.59296875 0.33203125 0.025 0.02578125
0 0.59375 0.265625 0.02109375 0.0546875
0 0.596875 0.38828125 0.015625 0.02421875
0 0.6078125 0.415625 0.0375 0.02734375
0 0.61796875 0.4734375 0.04609375 0.07890625
0 0.60625 0.253125 0.01953125 0.02265625
0 0.62734375 0.33046875 0.0390625 0.02265625
0 0.61796875 0.27890625 0.0140625 0.0125
0 0.6421875 0.40234375 0.0484375 0.03359375
0 0.640625 0.240625 0.0375 0.03359375
0 0.63984375 0.28359375 0.021875 0.01953125
0 0.6484375 0.35390625 0.0359375 0.02734375
0 0.6515625 0.59765625 0.0140625 0.03515625
0 0.65859375 0.26015625 0.02578125 0.02734375
0 0.6703125 0.49921875 0.0484375 0.0453125
0 0.65546875 0.38515625 0.01015625 0.0125
0 0.6734375 0.5078125 0.03359375 0.02421875
0 0.67734375 0.5390625 0.0359375 0.03046875
0 0.67734375 0.24375 0.01171875 0.01953125
0 0.6875 0.43515625 0.021875 0.03359375
0 0.69140625 0.43671875 0.02265625 0.021875
0 0.70078125 0.5296875 0.0359375 0.0359375
0 0.69140625 0.290625 0.0109375 0.0390625
0 0.6984375 0.23046875 0.01796875 0.01328125
0 0.703125 0.33515625 0.01796875 0.02265625
0 0.70546875 0.44609375 0.0140625 0.02734375
0 0.70859375 0.26796875 0.01015625 0.02578125
0 0.7140625 0.2921875 0.01796875 0.02578125
0 0.7171875 0.2609375 0.02421875 0.02890625
0 0.725 0.56796875 0.0171875 0.0515625
0 0.73125 0.2390625 0.0296875 0.02578125
0 0.74296875 0.84609375 0.02890625 0.06171875
0 0.74375 0.30390625 0.01796875 0.00859375
0 0.7453125 0.2671875 0.021875 0.02421875
0 0.7640625 0.41015625 0.03984375 0.0328125
0 0.77578125 0.359375 0.04921875 0.0546875
0 0.78671875 0.4609375 0.07109375 0.046875
0 0.76171875 0.26328125 0.01796875 0.01953125
0 0.77421875 0.2734375 0.01953125 0.03046875
0 0.7859375 0.60234375 0.0203125 0.02421875
0 0.7859375 0.49375 0.0125 0.02578125
0 0.7890625 0.17734375 0.01796875 0.02265625
0 0.7921875 0.2515625 0.0140625 0.02265625
0 0.89296875 0.346875 0.21328125 0.196875
0 0.803125 0.55078125 0.0203125 0.040625
0 0.80625 0.23984375 0.02265625 0.0140625
0 0.8203125 0.6046875 0.0359375 0.02578125
0 0.83125 0.4484375 0.01796875 0.02890625
0 0.83203125 0.50390625 0.01171875 0.02265625
0 0.8375 0.47734375 0.01796875 0.02421875
0 0.853125 0.54453125 0.0390625 0.03046875
0 0.89140625 0.24765625 0.00625 0.00859375
0 0.9 0.51875 0.01796875 0.02109375
0 0.90234375 0.25625 0.015625 0.01953125
0 0.91640625 0.24609375 0.0234375 0.01484375
0 0.925 0.2265625 0.0171875 0.0171875
0 0.93359375 0.57734375 0.0234375 0.0390625
0 0.9484375 0.2140625 0.03125 0.01640625
0 0.95625 0.62265625 0.01796875 0.03046875
0 0.96953125 0.22578125 0.0390625 0.01953125
0 0.978125 0.24140625 0.01796875 0.01328125