0 0.27421875 0.49921875 0.5484375 0.9984375
0 0.421875 0.490625 0.84375 0.521875
0 0.4734375 0.94453125 0.08203125 0.1078125
0 0.58125 0.26796875 0.16953125 0.1390625
0 0.5484375 0.553125 0.0921875 0.0609375
0 0.55390625 0.45390625 0.07578125 0.1125
0 0.57421875 0.1671875 0.1109375 0.0625
0 0.5734375 0.65859375 0.06484375 0.065625
0 0.59140625 0.58046875 0.0765625 0.0828125
0 0.5890625 0.825 0.06953125 0.10234375
0 0.6296875 0.20859375 0.08828125 0.0421875
0 0.6359375 0.5328125 0.090625 0.05234375
0 0.63984375 0.4796875 0.09296875 0.0421875
0 0.6453125 0.671875 0.0671875 0.115625
0 0.63984375 0.63203125 0.0296875 0.08046875
0 0.64375 0.928125 0.01796875 0.05
0 0.68359375 0.32421875 0.08828125 0.053125
0 0.6984375 0.12890625 0.1015625 0.12109375
0 0.70390625 0.21328125 0.10625 0.10625
0 0.69140625 0.8234375 0.071875 0.10625
0 0.6921875 0.56484375 0.05234375 0.08046875
0 0.7125 0.6984375 0.0453125 0.10234375
0 0.7625 0.9875 0.028125 0.02265625
0 0.825 0.175 0.1515625 0.10234375
0 0.80625 0.3 0.0375 0.075
0 0.8109375 0.9453125 0.028125 0.04609375
0 0.83828125 0.41640625 0.078125 0.0546875
0 0.82890625 0.659375 0.0390625 0.0828125
0 0.8546875 0.8265625 0.0765625 0.08046875
0 0.84140625 0.4796875 0.03828125 0.05703125
0 0.8734375 0.30546875 0.07421875 0.06015625
0 0.846875 0.88125 0.01953125 0.0484375
0 0.903125 0.39453125 0.0953125 0.0625
0 0.8765625 0.9875 0.0375 0.02265625
0 0.89765625 0.603125 0.0359375 0.084375
0 0.91953125 0.703125 0.0453125 0.06875
0 0.94921875 0.1828125 0.1 0.09375
0 0.95078125 0.26953125 0.09765625 0.075
0 0.9375 0.965625 0.0609375 0.02890625
0 0.9296875 0.85625 0.01875 0.0765625
0 0.9625 0.575 0.0734375 0.075
0 0.96796875 0.82890625 0.03671875 0.0828125
0 0.9765625 0.4546875 0.04609375 0.06953125
0 0.97734375 0.3265625 0.04375 0.040625
0 0.98203125 0.9796875 0.03515625 0.03828125