0 0.12890625 0.36640625 0.2578125 0.403125
0 0.25078125 0.809375 0.5015625 0.37890625
0 0.38515625 0.73046875 0.65234375 0.5375
0 0.26796875 0.25703125 0.39921875 0.3203125
0 0.54375 0.56484375 0.59921875 0.3921875
0 0.43671875 0.1765625 0.3265625 0.2875
0 0.67578125 0.43046875 0.50234375 0.2921875
0 0.5734375 0.12734375 0.2828125 0.2546875
0 0.775 0.33359375 0.4484375 0.2828125
0 0.68125 0.09375 0.20703125 0.1875
0 0.85546875 0.23515625 0.28828125 0.1953125
0 0.81015625 0.059375 0.1359375 0.11796875
0 0.91015625 0.15234375 0.178125 0.1390625
0 0.96484375 0.078125 0.06875 0.1015625