0 0.11640625 0.246875 0.0234375 0.0125
0 0.13203125 0.159375 0.0125 0.021875
0 0.1734375 0.5265625 0.0296875 0.02265625
0 0.19375 0.3671875 0.028125 0.02890625
0 0.36484375 0.1234375 0.37109375 0.21484375
0 0.2265625 0.58515625 0.03828125 0.040625
0 0.234375 0.4 0.02578125 0.03671875
0 0.296875 0.24296875 0.03046875 0.02734375
0 0.29765625 0.33671875 0.03203125 0.028125
0 0.30703125 0.47109375 0.03046875 0.03671875
0 0.35234375 0.36015625 0.03125 0.03984375
0 0.37734375 0.45703125 0.02421875 0.03828125
0 0.41171875 0.2875 0.0421875 0.03828125
0 0.47421875 0.13984375 0.028125 0.0203125
0 0.665625 0.13046875 0.0203125 0.01796875
0 0.7328125 0.0984375 0.0203125 0.01875
0 0.75625 0.121875 0.0171875 0.015625