0 0.0171875 0.03203125 0.034375 0.05
0 0.034375 0.08125 0.06875 0.053125
0 0.07109375 0.1421875 0.0890625 0.1
0 0.12890625 0.2015625 0.1109375 0.1
0 0.13359375 0.06484375 0.096875 0.12890625
0 0.15078125 0.16328125 0.11875 0.096875
0 0.18203125 0.321875 0.11875 0.10703125
0 0.1671875 0.3375 0.0796875 0.11640625
0 0.21328125 0.33515625 0.0921875 0.13046875
0 0.22578125 0.26484375 0.10859375 0.12578125
0 0.5875 0.61796875 0.8140625 0.76171875
0 0.2546875 0.278125 0.1046875 0.0875
0 0.284375 0.1890625 0.0984375 0.096875
0 0.3609375 0.203125 0.12734375 0.0859375
0 0.41171875 0.13828125 0.11875 0.07578125
0 0.43046875 0.28203125 0.13046875 0.06328125
0 0.50625 0.19921875 0.12421875 0.0890625
0 0.4609375 0.01015625 0.03125 0.0203125
0 0.5484375 0.059375 0.03515625 0.0328125
0 0.68828125 0.86171875 0.1 0.046875
0 0.6890625 0.121875 0.01640625 0.0171875