0 0.55234375 0.28125 0.3515625 0.24765625
0 0.00703125 0.015625 0.0140625 0.03125
0 0.5 0.72265625 0.99921875 0.55234375
0 0.025 0.10078125 0.0359375 0.02734375
0 0.115625 0.2 0.07265625 0.0515625
0 0.10703125 0.14296875 0.0484375 0.0453125
0 0.16640625 0.1234375 0.0390625 0.02890625
0 0.18515625 0.2390625 0.02578125 0.02890625
0 0.21484375 0.00859375 0.03359375 0.0171875
0 0.20859375 0.11640625 0.0125 0.01484375
0 0.2359375 0.17890625 0.03515625 0.0421875
0 0.240625 0.1578125 0.03046875 0.01953125
0 0.28125 0.17734375 0.0484375 0.0328125
0 0.2921875 0.125 0.06640625 0.05703125
0 0.35625 0.1640625 0.0453125 0.03515625
0 0.37734375 0.2453125 0.06328125 0.04140625
0 0.40703125 0.0796875 0.0640625 0.0484375
0 0.3875 0.01953125 0.0203125 0.03828125
0 0.43125 0.15234375 0.03515625 0.02734375
0 0.43203125 0.25234375 0.0328125 0.0171875
0 0.440625 0.178125 0.05 0.03046875
0 0.46328125 0.20703125 0.0484375 0.03046875
0 0.5015625 0.0671875 0.12109375 0.096875
0 0.5640625 0.10625 0.06171875 0.0671875
0 0.59921875 0.028125 0.0453125 0.05546875
0 0.621875 0.19765625 0.0546875 0.02890625
0 0.63515625 0.2140625 0.07734375 0.06953125
0 0.66015625 0.1609375 0.0453125 0.02890625
0 0.6890625 0.2609375 0.0234375 0.01953125
0 0.71015625 0.27734375 0.0578125 0.02265625
0 0.7328125 0.115625 0.06640625 0.04140625
0 0.746875 0.14765625 0.0921875 0.046875
0 0.7625 0.10390625 0.06328125 0.0375
0 0.7765625 0.06484375 0.0609375 0.053125
0 0.77734375 0.20625 0.0453125 0.0640625
0 0.79609375 0.26953125 0.0703125 0.06171875
0 0.825 0.16796875 0.05078125 0.053125
0 0.8984375 0.08984375 0.06953125 0.05859375
0 0.89765625 0.33203125 0.04296875 0.0328125
0 0.9125 0.2203125 0.03125 0.053125
0 0.9265625 0.23671875 0.0359375 0.0390625
0 0.94375 0.278125 0.0390625 0.053125
0 0.9703125 0.078125 0.0578125 0.040625
0 0.9671875 0.23515625 0.0453125 0.0328125
0 0.9765625 0.403125 0.0453125 0.07734375
0 0.98671875 0.34765625 0.025 0.03671875