0 0.82734375 0.28046875 0.08984375 0.09765625
0 0.07421875 0.603125 0.0625 0.10859375
0 0.0921875 0.31796875 0.02578125 0.04453125
0 0.1171875 0.45390625 0.0125 0.02734375
0 0.14375 0.5296875 0.0171875 0.0296875
0 0.16171875 0.33515625 0.0453125 0.0359375
0 0.21796875 0.2796875 0.06640625 0.04921875
0 0.19453125 0.51171875 0.01171875 0.040625
0 0.2484375 0.79140625 0.034375 0.09375
0 0.2859375 0.32890625 0.06953125 0.040625
0 0.29921875 0.840625 0.05546875 0.059375
0 0.3203125 0.27578125 0.03515625 0.0578125
0 0.3390625 0.440625 0.05 0.03828125
0 0.36796875 0.28203125 0.03671875 0.04453125
0 0.38046875 0.38203125 0.03125 0.04921875
0 0.44921875 0.465625 0.121875 0.17890625
0 0.45234375 0.6265625 0.02421875 0.040625
0 0.50859375 0.86484375 0.03125 0.0359375
0 0.51875 0.69453125 0.03984375 0.02734375
0 0.5171875 0.55 0.028125 0.0234375
0 0.5359375 0.8109375 0.02734375 0.0421875
0 0.5375 0.46953125 0.01875 0.02734375
0 0.546875 0.73203125 0.02265625 0.034375
0 0.5671875 0.45625 0.04375 0.0234375
0 0.628125 0.27890625 0.07109375 0.059375
0 0.79453125 0.36796875 0.325 0.22578125
0 0.66796875 0.2109375 0.06953125 0.03828125
0 0.73046875 0.58515625 0.02265625 0.0125
0 0.83984375 0.73203125 0.02421875 0.03828125
0 0.97265625 0.08203125 0.05234375 0.07890625
0 0.9625 0.640625 0.0296875 0.0296875
0 0.9828125 0.7171875 0.03125 0.05546875