0 0.053125 0.07734375 0.10546875 0.14609375
0 0.1375 0.0640625 0.0875 0.084375
0 0.20859375 0.52734375 0.11953125 0.1234375
0 0.25625 0.20234375 0.13046875 0.1484375
0 0.3078125 0.4765625 0.1328125 0.1765625
0 0.2890625 0.175 0.078125 0.09765625
0 0.4 0.61484375 0.1359375 0.11015625
0 0.44921875 0.3484375 0.09140625 0.1140625
0 0.521875 0.8 0.13203125 0.125
0 0.5203125 0.3765625 0.10234375 0.08828125
0 0.5359375 0.59609375 0.115625 0.16171875
0 0.6046875 0.89140625 0.06875 0.0609375
0 0.6765625 0.85546875 0.08515625 0.1875
0 0.8546875 0.9125 0.1390625 0.1734375