0 0.453125 0.4234375 0.08984375 0.140625
0 0.01328125 0.1015625 0.0265625 0.0390625
0 0.04140625 0.3890625 0.02265625 0.03125
0 0.0734375 0.36015625 0.04296875 0.03515625
0 0.0890625 0.27734375 0.04140625 0.03125
0 0.090625 0.37265625 0.03828125 0.02578125
0 0.128125 0.3890625 0.028125 0.0296875
0 0.1453125 0.3328125 0.0546875 0.040625
0 0.1703125 0.8421875 0.06171875 0.053125
0 0.19140625 0.265625 0.0609375 0.03671875
0 0.24453125 0.771875 0.065625 0.0390625
0 0.24140625 0.971875 0.04609375 0.053125
0 0.2421875 0.084375 0.015625 0.0390625
0 0.27890625 0.746875 0.0578125 0.03515625
0 0.28046875 0.8234375 0.0453125 0.04296875
0 0.28203125 0.31796875 0.04765625 0.05859375
0 0.29765625 0.6859375 0.03984375 0.03125
0 0.30546875 0.24765625 0.0375 0.04140625
0 0.3625 0.61875 0.034375 0.05625
0 0.37734375 0.26484375 0.03828125 0.03515625
0 0.37109375 0.040625 0.0234375 0.0453125
0 0.4046875 0.1296875 0.04375 0.040625
0 0.42734375 0.67734375 0.03828125 0.0328125
0 0.42578125 0.275 0.0171875 0.04296875
0 0.44375 0.87890625 0.034375 0.04921875
0 0.465625 0.70078125 0.053125 0.04453125
0 0.475 0.27421875 0.04375 0.03515625
0 0.503125 0.6078125 0.0765625 0.08203125
0 0.528125 0.8328125 0.03828125 0.03515625
0 0.5671875 0.7203125 0.1 0.04453125
0 0.53671875 0.1421875 0.0265625 0.02734375
0 0.62109375 0.7828125 0.08984375 0.05234375
0 0.5890625 0.13984375 0.01640625 0.0296875
0 0.61875 0.5125 0.071875 0.0453125
0 0.65546875 0.46015625 0.0671875 0.071875
0 0.675 0.2078125 0.075 0.0453125
0 0.6859375 0.5734375 0.0703125 0.05625
0 0.68203125 0.028125 0.03203125 0.040625
0 0.690625 0.0828125 0.0296875 0.04296875
0 0.715625 0.68203125 0.0671875 0.0625
0 0.7109375 0.7484375 0.05078125 0.0703125
0 0.71171875 0.62578125 0.05 0.0453125
0 0.721875 0.76328125 0.05546875 0.04921875
0 0.721875 0.96171875 0.0484375 0.040625
0 0.7578125 0.06953125 0.021875 0.0484375
0 0.78359375 0.8453125 0.0609375 0.08046875
0 0.784375 0.7234375 0.0625 0.071875
0 0.79921875 0.92109375 0.0609375 0.0296875
0 0.82109375 0.76484375 0.09453125 0.053125
0 0.82421875 0.984375 0.02109375 0.02890625
0 0.8484375 0.50859375 0.0609375 0.05078125
0 0.88671875 0.2328125 0.02109375 0.06484375
0 0.9203125 0.21640625 0.0421875 0.04296875
0 0.9703125 0.51875 0.0578125 0.0453125
0 0.98125 0.0484375 0.021875 0.03671875