0 0.4078125 0.71015625 0.08515625 0.0859375
0 0.190625 0.09609375 0.24609375 0.1921875
0 0.5203125 0.86328125 0.82421875 0.271875
0 0.53359375 0.3140625 0.571875 0.1875
0 0.28671875 0.190625 0.02109375 0.0234375
0 0.32578125 0.2046875 0.0296875 0.0171875
0 0.340625 0.1921875 0.059375 0.0203125
0 0.33125 0.1859375 0.02734375 0.0203125
0 0.3390625 0.109375 0.025 0.04453125
0 0.34765625 0.07578125 0.03203125 0.01875
0 0.36953125 0.15078125 0.06171875 0.05
0 0.36640625 0.06953125 0.0296875 0.0203125
0 0.378125 0.0296875 0.04296875 0.01875
0 0.38828125 0.06875 0.04140625 0.02890625
0 0.43984375 0.18046875 0.09765625 0.0234375
0 0.42734375 0.1515625 0.0640625 0.0171875
0 0.4328125 0.2015625 0.015625 0.0140625
0 0.43515625 0.18359375 0.0203125 0.0234375
0 0.44453125 0.0671875 0.0296875 0.0359375
0 0.4671875 0.5921875 0.034375 0.034375
0 0.478125 0.13515625 0.04296875 0.09453125
0 0.4765625 0.08125 0.015625 0.0171875
0 0.50546875 0.6921875 0.05234375 0.0296875
0 0.5046875 0.04375 0.0171875 0.03046875
0 0.5203125 0.1640625 0.0328125 0.02890625
0 0.55 0.18125 0.03203125 0.01875
0 0.5875 0.2078125 0.0296875 0.0171875
0 0.5953125 0.70859375 0.04609375 0.034375
0 0.81953125 0.5890625 0.36015625 0.32109375
0 0.69140625 0.70625 0.0359375 0.0359375
0 0.71171875 0.07890625 0.02265625 0.01875
0 0.72578125 0.7234375 0.040625 0.01875
0 0.740625 0.55625 0.0390625 0.0375
0 0.7734375 0.60703125 0.03671875 0.0421875
0 0.84375 0.7109375 0.059375 0.06328125
0 0.9328125 0.95390625 0.090625 0.0328125
0 0.96796875 0.8078125 0.06171875 0.03359375
0 0.97265625 0.9890625 0.05234375 0.02109375
0 0.9796875 0.84140625 0.0390625 0.0484375
0 0.9828125 0.75625 0.0328125 0.0171875