0 0.03125 0.20859375 0.0625 0.13828125
0 0.1171875 0.0296875 0.12421875 0.05859375
0 0.19609375 0.14140625 0.17421875 0.17265625
0 0.40390625 0.4953125 0.48203125 0.6640625
0 0.23046875 0.0296875 0.115625 0.05859375
0 0.3421875 0.13203125 0.1546875 0.23359375
0 0.34296875 0.03203125 0.11484375 0.0640625
0 0.46328125 0.02734375 0.1265625 0.0546875
0 0.5640625 0.03203125 0.06328125 0.0640625
0 0.60625 0.11875 0.14765625 0.2375
0 0.703125 0.03125 0.1203125 0.05546875
0 0.75546875 0.14453125 0.1390625 0.15703125
0 0.88515625 0.115625 0.15390625 0.23125