0 0.28828125 0.73203125 0.353125 0.3375
0 0.19609375 0.40078125 0.1984375 0.22890625
0 0.19765625 0.5171875 0.1734375 0.13203125
0 0.26015625 0.2890625 0.0953125 0.0859375
0 0.3890625 0.534375 0.11015625 0.11171875
0 0.50234375 0.35390625 0.06953125 0.21328125
0 0.58671875 0.44453125 0.1 0.12109375
0 0.71171875 0.56640625 0.13203125 0.13125
0 0.71640625 0.81015625 0.1140625 0.0984375
0 0.72421875 0.85 0.10625 0.1359375
0 0.8109375 0.45625 0.1046875 0.25546875
0 0.8203125 0.3546875 0.1109375 0.1
0 0.82734375 0.76484375 0.11015625 0.18359375
0 0.8171875 0.0484375 0.06875 0.096875
0 0.88359375 0.38359375 0.0734375 0.065625
0 0.9703125 0.40546875 0.0578125 0.10234375