0 0.50859375 0.315625 0.33359375 0.0796875
0 0.1125 0.04296875 0.1546875 0.0515625
0 0.27578125 0.565625 0.47578125 0.090625
0 0.109375 0.1171875 0.1296875 0.05625
0 0.18359375 0.4796875 0.278125 0.0671875
0 0.209375 0.290625 0.325 0.04453125
0 0.14921875 0.21328125 0.2 0.04609375
0 0.21875 0.3796875 0.3390625 0.109375
0 0.1609375 0.765625 0.21796875 0.14296875
0 0.17109375 0.640625 0.18515625 0.04609375
0 0.278125 0.16015625 0.165625 0.04296875
0 0.27265625 0.1 0.13671875 0.0375
0 0.2828125 0.040625 0.14296875 0.0359375
0 0.40703125 0.878125 0.26796875 0.0703125
0 0.39140625 0.80234375 0.225 0.0703125
0 0.3609375 0.7203125 0.15 0.0421875
0 0.38046875 0.22890625 0.17890625 0.0390625
0 0.41484375 0.64453125 0.19765625 0.0640625
0 0.4953125 0.4125 0.2375 0.06484375
0 0.49453125 0.48828125 0.22109375 0.053125
0 0.484375 0.1734375 0.16015625 0.04140625
0 0.5765625 0.69765625 0.17109375 0.06796875
0 0.584375 0.7640625 0.15 0.0375
0 0.62578125 0.584375 0.2140625 0.109375
0 0.73125 0.8203125 0.39921875 0.07109375
0 0.759375 0.19609375 0.35078125 0.05
0 0.70703125 0.125 0.14609375 0.0390625
0 0.69609375 0.04765625 0.11015625 0.02578125
0 0.7859375 0.4234375 0.2796875 0.0703125
0 0.70078125 0.0703125 0.10078125 0.0171875
0 0.7921875 0.26640625 0.28515625 0.0640625
0 0.7921875 0.5125 0.26640625 0.06328125
0 0.8046875 0.3453125 0.24140625 0.0609375
0 0.80078125 0.7609375 0.19140625 0.03046875
0 0.8015625 0.69921875 0.19296875 0.0515625
0 0.8390625 0.5921875 0.1734375 0.0609375
0 0.85859375 0.059375 0.134375 0.05625
0 0.8734375 0.12109375 0.11796875 0.04609375