0 0.2203125 0.653125 0.0921875 0.04765625
0 0.26015625 0.35703125 0.0890625 0.0515625
0 0.28203125 0.49140625 0.0421875 0.08984375
0 0.290625 0.434375 0.02265625 0.0734375
0 0.33203125 0.47421875 0.09296875 0.0328125
0 0.3390625 0.4359375 0.07421875 0.028125
0 0.340625 0.440625 0.0765625 0.034375
0 0.31328125 0.525 0.0203125 0.0609375
0 0.34609375 0.47578125 0.0859375 0.04375
0 0.34296875 0.41015625 0.0734375 0.03125
0 0.3515625 0.5453125 0.0296875 0.09375
0 0.38359375 0.4328125 0.06328125 0.03828125
0 0.37265625 0.52890625 0.0359375 0.0765625
0 0.3875 0.5125 0.03203125 0.040625
0 0.39609375 0.475 0.0234375 0.0734375
0 0.421875 0.4296875 0.02890625 0.0765625
0 0.425 0.49453125 0.03046875 0.065625
0 0.47421875 0.7984375 0.0984375 0.040625
0 0.4796875 0.78046875 0.1046875 0.0296875
0 0.5375 0.22890625 0.21328125 0.09765625
0 0.50703125 0.865625 0.1078125 0.0421875
0 0.559375 0.25 0.20859375 0.10234375
0 0.5015625 0.33671875 0.07421875 0.06015625
0 0.49609375 0.709375 0.05 0.0953125
0 0.5859375 0.26015625 0.1890625 0.09375
0 0.52265625 0.71171875 0.0515625 0.0828125
0 0.61015625 0.4859375 0.19453125 0.1765625
0 0.5390625 0.75546875 0.05 0.0765625
0 0.56328125 0.81875 0.0796875 0.0765625
0 0.57890625 0.790625 0.11015625 0.075
0 0.57421875 0.8671875 0.0625 0.1265625
0 0.56328125 0.696875 0.028125 0.1015625
0 0.57578125 0.7140625 0.021875 0.07109375
0 0.6046875 0.7515625 0.0765625 0.053125
0 0.6671875 0.359375 0.19296875 0.10234375
0 0.60703125 0.696875 0.04375 0.08984375
0 0.615625 0.865625 0.03203125 0.13671875
0 0.634375 0.58125 0.021875 0.05078125
0 0.64375 0.709375 0.02578125 0.1078125
0 0.7046875 0.42578125 0.06640625 0.0265625
0 0.815625 0.30546875 0.184375 0.0953125
0 0.7515625 0.40078125 0.03984375 0.02734375
0 0.85 0.26484375 0.03046875 0.0484375
0 0.8828125 0.26953125 0.04140625 0.0578125