0 0.91328125 0.1859375 0.109375 0.125
0 0.1546875 0.2109375 0.0890625 0.0671875
0 0.20078125 0.3109375 0.0890625 0.07109375
0 0.2 0.13359375 0.028125 0.0203125
0 0.26484375 0.20625 0.05859375 0.0375
0 0.278125 0.32890625 0.0609375 0.05234375
0 0.27578125 0.121875 0.05 0.0359375
0 0.30078125 0.24296875 0.0515625 0.04765625
0 0.3015625 0.165625 0.0421875 0.04765625
0 0.303125 0.20625 0.02421875 0.02578125
0 0.325 0.12265625 0.04609375 0.04609375
0 0.3484375 0.28671875 0.0609375 0.06796875
0 0.41796875 0.18828125 0.03515625 0.0296875
0 0.47578125 0.34140625 0.06796875 0.08125
0 0.47421875 0.0640625 0.0375 0.0359375
0 0.5109375 0.23359375 0.10625 0.11328125
0 0.49140625 0.56640625 0.0453125 0.05390625
0 0.53984375 0.64609375 0.0703125 0.0859375
0 0.60546875 0.28203125 0.0140625 0.04140625
0 0.64609375 0.42734375 0.0625 0.04921875
0 0.65703125 0.3484375 0.06953125 0.06328125
0 0.7109375 0.31328125 0.0359375 0.04140625
0 0.71640625 0.37265625 0.03671875 0.0359375
0 0.75390625 0.32734375 0.03984375 0.04140625
0 0.77265625 0.409375 0.04375 0.04140625
0 0.78359375 0.44765625 0.0609375 0.04375
0 0.86328125 0.14921875 0.0671875 0.02734375
0 0.8578125 0.4140625 0.0359375 0.0359375
0 0.890625 0.325 0.03203125 0.03984375
0 0.946875 0.24296875 0.1046875 0.07265625
0 0.9546875 0.0828125 0.0890625 0.05