0 0.02265625 0.815625 0.02890625 0.03125
0 0.0203125 0.7671875 0.01953125 0.01953125
0 0.08046875 0.56796875 0.0328125 0.0296875
0 0.12578125 0.49765625 0.021875 0.0421875
0 0.1453125 0.615625 0.0171875 0.0140625
0 0.22890625 0.62578125 0.02421875 0.0640625
0 0.29453125 0.3953125 0.0359375 0.0484375
0 0.36015625 0.953125 0.03125 0.02109375
0 0.37734375 0.6578125 0.01796875 0.075
0 0.3890625 0.77578125 0.03046875 0.046875
0 0.459375 0.6171875 0.0453125 0.0578125
0 0.45390625 0.56953125 0.02890625 0.03359375
0 0.56796875 0.75625 0.04609375 0.07265625
0 0.58203125 0.4984375 0.01015625 0.04375
0 0.62734375 0.73515625 0.025 0.08984375
0 0.6625 0.790625 0.0390625 0.0515625
0 0.68671875 0.528125 0.03984375 0.01640625
0 0.7046875 0.471875 0.0171875 0.0203125
0 0.728125 0.91171875 0.046875 0.084375
0 0.75546875 0.6171875 0.0171875 0.046875
0 0.78125 0.53203125 0.04140625 0.03359375
0 0.78984375 0.41171875 0.05078125 0.03203125
0 0.7765625 0.75078125 0.00859375 0.028125
0 0.7984375 0.68046875 0.01484375 0.06015625
0 0.8296875 0.5234375 0.03515625 0.0453125
0 0.82265625 0.065625 0.01796875 0.02265625
0 0.87890625 0.865625 0.03359375 0.0515625