0 0.1578125 0.49453125 0.315625 0.3765625
0 0.0515625 0.20859375 0.103125 0.1671875
0 0.3640625 0.34453125 0.10234375 0.24765625
0 0.47265625 0.70546875 0.31484375 0.36015625
0 0.48515625 0.46015625 0.16171875 0.45703125
0 0.634375 0.36015625 0.128125 0.20546875
0 0.70546875 0.57890625 0.26875 0.2359375
0 0.8390625 0.79453125 0.3203125 0.3765625
0 0.834375 0.3828125 0.2984375 0.52734375
0 0.809375 0.028125 0.1234375 0.05625
0 0.89765625 0.3140625 0.20390625 0.24140625
0 0.9265625 0.03203125 0.1453125 0.0640625