0 0.0140625 0.6078125 0.028125 0.046875
0 0.0203125 0.68046875 0.03984375 0.0515625
0 0.03828125 0.259375 0.0765625 0.1515625
0 0.1 0.5109375 0.2 0.075
0 0.090625 0.753125 0.16640625 0.08984375
0 0.20703125 0.95546875 0.33359375 0.08515625
0 0.1109375 0.4734375 0.1046875 0.1
0 0.1109375 0.18671875 0.0515625 0.26640625
0 0.153125 0.68671875 0.11640625 0.053125
0 0.16796875 0.5671875 0.0640625 0.078125
0 0.27109375 0.71328125 0.1296875 0.0734375
0 0.2421875 0.75 0.0546875 0.05703125
0 0.32734375 0.90234375 0.1546875 0.05859375
0 0.2953125 0.68671875 0.0765625 0.053125
0 0.3234375 0.4390625 0.11015625 0.23203125
0 0.3171875 0.79453125 0.05234375 0.075
0 0.34140625 0.08828125 0.0671875 0.1765625
0 0.38515625 0.25703125 0.1328125 0.1734375
0 0.375 0.70859375 0.0921875 0.046875
0 0.40546875 0.4546875 0.1390625 0.05
0 0.38671875 0.784375 0.09140625 0.1046875
0 0.3859375 0.64296875 0.0828125 0.03984375
0 0.4125 0.421875 0.07734375 0.2265625
0 0.50703125 0.703125 0.18125 0.16640625
0 0.51640625 0.5203125 0.1625 0.19296875
0 0.534375 0.240625 0.16875 0.075
0 0.534375 0.32421875 0.1640625 0.06796875
0 0.540625 0.88046875 0.14140625 0.0453125
0 0.53125 0.57265625 0.1 0.09140625
0 0.540625 0.65234375 0.11875 0.08515625
0 0.63359375 0.76953125 0.1171875 0.0546875
0 0.64921875 0.6140625 0.1140625 0.11171875
0 0.67109375 0.678125 0.1453125 0.09296875
0 0.66015625 0.746875 0.0671875 0.05703125
0 0.7421875 0.14296875 0.23125 0.2859375
0 0.703125 0.496875 0.1234375 0.13984375
0 0.68828125 0.6984375 0.0640625 0.03359375
0 0.7203125 0.85390625 0.09609375 0.0453125
0 0.76328125 0.7203125 0.1234375 0.096875
0 0.78046875 0.35390625 0.13359375 0.11171875
0 0.76484375 0.296875 0.1 0.0765625
0 0.77421875 0.9515625 0.1109375 0.0703125
0 0.81328125 0.5671875 0.1359375 0.11171875
0 0.84609375 0.475 0.1625 0.2
0 0.86640625 0.42109375 0.16484375 0.06171875
0 0.8609375 0.81015625 0.1375 0.14296875
0 0.8609375 0.3578125 0.13515625 0.125
0 0.91796875 0.22421875 0.1609375 0.1453125
0 0.91015625 0.47265625 0.13984375 0.0953125
0 0.9265625 0.703125 0.14375 0.08359375
0 0.9375 0.52890625 0.12265625 0.06484375
0 0.93515625 0.97265625 0.0796875 0.03828125
0 0.95 0.61328125 0.09765625 0.11328125
0 0.9640625 0.9484375 0.06875 0.046875
0 0.97421875 0.31640625 0.0484375 0.05703125
0 0.978125 0.884375 0.04140625 0.0515625