0 0.009375 0.55546875 0.01875 0.03828125
0 0.028125 0.5015625 0.05625 0.05
0 0.0359375 0.465625 0.0609375 0.0328125
0 0.06171875 0.49140625 0.06015625 0.046875
0 0.08515625 0.4796875 0.05 0.03828125
0 0.3359375 0.565625 0.4953125 0.19453125
0 0.33203125 0.61953125 0.10703125 0.07734375
0 0.45703125 0.49921875 0.29921875 0.08828125
0 0.57265625 0.5953125 0.42265625 0.15625
0 0.56875 0.69609375 0.25859375 0.10078125
0 0.85546875 0.65546875 0.1359375 0.05859375
0 0.8671875 0.6703125 0.11796875 0.059375
0 0.9109375 0.67734375 0.14609375 0.0625
0 0.925 0.68828125 0.1484375 0.07734375