0 0.36953125 0.34609375 0.1953125 0.1375
0 0.37890625 0.55078125 0.1953125 0.11484375
0 0.3515625 0.43125 0.13125 0.08359375
0 0.40859375 0.21171875 0.2015625 0.11875
0 0.41953125 0.44375 0.1984375 0.12109375
0 0.41953125 0.80078125 0.1390625 0.13125
0 0.49453125 0.21875 0.1953125 0.11640625
0 0.48046875 0.459375 0.1546875 0.09375
0 0.5484375 0.54140625 0.196875 0.11640625
0 0.58046875 0.778125 0.2421875 0.13125
0 0.59921875 0.90703125 0.2140625 0.12265625
0 0.63828125 0.11328125 0.2265625 0.10625
0 0.68359375 0.19453125 0.2140625 0.13515625
0 0.6890625 0.44609375 0.209375 0.0875
0 0.70546875 0.75078125 0.1671875 0.09765625
0 0.74921875 0.34765625 0.2515625 0.15390625
0 0.73828125 0.66328125 0.1921875 0.11875
0 0.796875 0.459375 0.178125 0.17734375
0 0.83046875 0.82421875 0.2109375 0.12734375
0 0.809375 0.94453125 0.13125 0.10625
0 0.9015625 0.32734375 0.19375 0.15390625
0 0.90625 0.6625 0.184375 0.20390625
0 0.93671875 0.51953125 0.1234375 0.12734375
0 0.946875 0.88046875 0.103125 0.09375