0 0.0546875 0.025 0.05703125 0.015625
0 0.10859375 0.0515625 0.04375 0.040625
0 0.16328125 0.1625 0.0625 0.03125
0 0.2 0.115625 0.065625 0.025
0 0.2015625 0.1671875 0.03125 0.01953125
0 0.571875 0.6546875 0.58515625 0.6890625
0 0.31015625 0.62890625 0.03671875 0.02578125
0 0.3296875 0.259375 0.0484375 0.01796875
0 0.34296875 0.2109375 0.05390625 0.015625
0 0.3984375 0.0078125 0.05703125 0.015625
0 0.42890625 0.159375 0.06953125 0.03515625
0 0.428125 0.21484375 0.05 0.02109375
0 0.50078125 0.2859375 0.0328125 0.0296875
0 0.5203125 0.21171875 0.07109375 0.0140625
0 0.57265625 0.28671875 0.0453125 0.0328125
0 0.6546875 0.23984375 0.07265625 0.02109375
0 0.67421875 0.0109375 0.078125 0.021875