0 0.0625 0.26953125 0.05625 0.03046875
0 0.07421875 0.82578125 0.021875 0.028125
0 0.10546875 0.90546875 0.0296875 0.04921875
0 0.20625 0.675 0.04140625 0.02109375
0 0.28125 0.6546875 0.04921875 0.03203125
0 0.28828125 0.840625 0.03671875 0.05390625
0 0.32265625 0.55859375 0.06484375 0.02734375
0 0.3125 0.51171875 0.02578125 0.04765625
0 0.3546875 0.90859375 0.05859375 0.03828125
0 0.35546875 0.49921875 0.0609375 0.04140625
0 0.4734375 0.67578125 0.08984375 0.05859375
0 0.5453125 0.603125 0.02890625 0.04140625
0 0.63203125 0.6796875 0.0703125 0.028125
0 0.6359375 0.97421875 0.05546875 0.05
0 0.72421875 0.4546875 0.05625 0.06796875
0 0.77421875 0.95 0.075 0.01875
0 0.753125 0.325 0.02890625 0.04375
0 0.77890625 0.83671875 0.0640625 0.021875
0 0.78203125 0.88984375 0.0359375 0.03828125
0 0.8046875 0.5296875 0.02109375 0.01953125
0 0.82578125 0.46796875 0.0375 0.01796875
0 0.86640625 0.48203125 0.0546875 0.028125
0 0.87734375 0.4578125 0.046875 0.028125
0 0.90625 0.66796875 0.02578125 0.03671875
0 0.9234375 0.96953125 0.04140625 0.05859375
0 0.98828125 0.63125 0.021875 0.04140625