0 0.55 0.45625 0.11953125 0.10625
0 0.025 0.215625 0.04921875 0.075
0 0.0578125 0.45703125 0.115625 0.12734375
0 0.17109375 0.765625 0.11328125 0.103125
0 0.225 0.3609375 0.09296875 0.09765625
0 0.25078125 0.2078125 0.11953125 0.090625
0 0.36875 0.703125 0.1421875 0.08984375
0 0.35703125 0.1828125 0.071875 0.10625
0 0.50625 0.75234375 0.1015625 0.11796875
0 0.55625 0.078125 0.12109375 0.08828125
0 0.57578125 0.30859375 0.1125 0.08046875
0 0.615625 0.1421875 0.11171875 0.08671875
0 0.81875 0.69296875 0.36015625 0.2234375
0 0.7421875 0.221875 0.115625 0.09375
0 0.8859375 0.07890625 0.09375 0.075
0 0.909375 0.26640625 0.07578125 0.090625