0 0.0953125 0.77109375 0.0484375 0.08671875
0 0.2453125 0.47890625 0.04140625 0.046875
0 0.24375 0.95234375 0.02578125 0.09375
0 0.2484375 0.55859375 0.01640625 0.04375
0 0.31484375 0.48203125 0.02734375 0.04375
0 0.346875 0.9625 0.03203125 0.07265625
0 0.3703125 0.94140625 0.02109375 0.11484375
0 0.396875 0.72890625 0.03203125 0.06796875
0 0.4453125 0.68828125 0.02890625 0.07578125
0 0.465625 0.47734375 0.0203125 0.04375
0 0.49375 0.57109375 0.025 0.06015625
0 0.53515625 0.834375 0.025 0.09609375
0 0.56875 0.62578125 0.0234375 0.07109375
0 0.59765625 0.95078125 0.05234375 0.09609375
0 0.678125 0.771875 0.04296875 0.08515625
0 0.703125 0.68828125 0.02578125 0.07109375
0 0.7546875 0.63046875 0.0359375 0.07265625
0 0.771875 0.82265625 0.0390625 0.08828125
0 0.8359375 0.7859375 0.04921875 0.09921875
0 0.8546875 0.63828125 0.0703125 0.05
0 0.8828125 0.7203125 0.0296875 0.05703125
0 0.9328125 0.75078125 0.07890625 0.08515625