0 0.1078125 0.6203125 0.02734375 0.02265625
0 0.13515625 0.5578125 0.0203125 0.0109375
0 0.19453125 0.48984375 0.015625 0.0328125
0 0.46171875 0.57734375 0.02265625 0.03359375
0 0.640625 0.56875 0.028125 0.0328125
0 0.7171875 0.58359375 0.0359375 0.0375
0 0.7375 0.5390625 0.0203125 0.02421875
0 0.76640625 0.6765625 0.02421875 0.02109375
0 0.7984375 0.5921875 0.01328125 0.0140625
0 0.85390625 0.63046875 0.0234375 0.01171875
0 0.86796875 0.61640625 0.02109375 0.0140625
0 0.8953125 0.5796875 0.046875 0.0546875
0 0.925 0.61015625 0.01796875 0.02265625
0 0.940625 0.61171875 0.0171875 0.015625
0 0.98515625 0.6015625 0.0140625 0.01796875