0 0.26328125 0.70078125 0.1078125 0.09765625
0 0.015625 0.56640625 0.03125 0.0703125
0 0.16171875 0.22578125 0.3234375 0.17578125
0 0.053125 0.578125 0.0296875 0.07734375
0 0.0671875 0.640625 0.021875 0.0484375
0 0.12421875 0.59296875 0.05 0.07734375
0 0.34296875 0.72109375 0.0484375 0.10859375
0 0.3859375 0.74921875 0.07734375 0.12890625
0 0.409375 0.671875 0.09296875 0.1484375
0 0.4453125 0.665625 0.134375 0.18046875
0 0.4921875 0.25625 0.20234375 0.22421875
0 0.646875 0.79609375 0.284375 0.2328125
0 0.80390625 0.3515625 0.39140625 0.1171875
0 0.796875 0.7109375 0.196875 0.065625
0 0.8203125 0.63359375 0.18203125 0.07265625
0 0.80390625 0.83046875 0.10234375 0.16328125
0 0.8234375 0.5703125 0.10625 0.09296875
0 0.88046875 0.890625 0.08515625 0.12109375
0 0.9234375 0.84375 0.1078125 0.0828125