0 0.5046875 0.35390625 0.4671875 0.29609375
0 0.021875 0.19921875 0.04375 0.05859375
0 0.034375 0.38046875 0.05390625 0.05
0 0.059375 0.53203125 0.0734375 0.05625
0 0.1625 0.93046875 0.13828125 0.08359375
0 0.128125 0.72890625 0.046875 0.03984375
0 0.16796875 0.86015625 0.04921875 0.02734375
0 0.27265625 0.88984375 0.07109375 0.04453125
0 0.2609375 0.74453125 0.03515625 0.034375
0 0.44453125 0.74375 0.0546875 0.04140625
0 0.4703125 0.53984375 0.0921875 0.05234375
0 0.51484375 0.7875 0.046875 0.03515625
0 0.54609375 0.9203125 0.06328125 0.03671875
0 0.628125 0.2765625 0.14453125 0.171875
0 0.725 0.48984375 0.0859375 0.05
0 0.72734375 0.67421875 0.0546875 0.06015625
0 0.78125 0.10703125 0.06796875 0.034375
0 0.88828125 0.16484375 0.0953125 0.07265625
0 0.95546875 0.4078125 0.078125 0.046875