0 0.01953125 0.5828125 0.0390625 0.01875
0 0.02421875 0.528125 0.0484375 0.0140625
0 0.49921875 0.428125 0.9984375 0.85625
0 0.05078125 0.396875 0.06484375 0.01875
0 0.0484375 0.59765625 0.05625 0.0140625
0 0.0546875 0.47578125 0.04453125 0.0109375
0 0.07421875 0.9265625 0.046875 0.0609375
0 0.10546875 0.79765625 0.05703125 0.034375
0 0.13828125 0.45234375 0.05078125 0.0265625
0 0.20546875 0.75859375 0.09140625 0.0296875
0 0.18359375 0.471875 0.04453125 0.02265625
0 0.18828125 0.5828125 0.053125 0.028125
0 0.2203125 0.66875 0.0609375 0.0140625
0 0.23046875 0.9625 0.0625 0.01171875
0 0.240625 0.540625 0.05078125 0.0109375
0 0.275 0.3328125 0.10703125 0.03984375
0 0.24296875 0.7046875 0.0375 0.01875
0 0.26328125 0.50078125 0.05078125 0.00703125
0 0.265625 0.596875 0.0546875 0.0203125
0 0.2953125 0.53671875 0.04140625 0.00390625
0 0.30390625 0.69296875 0.0484375 0.0171875
0 0.31875 0.58515625 0.05078125 0.00703125
0 0.31875 0.634375 0.04140625 0.00703125
0 0.33125 0.653125 0.06640625 0.0265625
0 0.3265625 0.60859375 0.04453125 0.01796875
0 0.33828125 0.70859375 0.0390625 0.0171875
0 0.36171875 0.72109375 0.05703125 0.028125
0 0.3578125 0.77109375 0.04140625 0.01875
0 0.3703125 0.60703125 0.053125 0.0203125
0 0.36015625 0.80390625 0.02734375 0.01953125
0 0.37109375 0.7609375 0.0390625 0.02421875
0 0.375 0.6671875 0.0390625 0.003125
0 0.40234375 0.5890625 0.04140625 0.0046875
0 0.40859375 0.7921875 0.0484375 0.015625
0 0.4078125 0.62890625 0.0390625 0.01171875
0 0.42421875 0.65 0.0390625 0.00859375
0 0.43828125 0.828125 0.053125 0.01953125
0 0.446875 0.68671875 0.05859375 0.0203125
0 0.44765625 0.71015625 0.04140625 0.00859375
0 0.4515625 0.75234375 0.04921875 0.003125
0 0.45859375 0.73515625 0.0296875 0.021875
0 0.46875 0.76796875 0.03671875 0.01171875
0 0.46796875 0.93046875 0.025 0.02734375
0 0.5140625 0.78359375 0.053125 0.015625
0 0.51171875 0.81015625 0.03359375 0.0109375
0 0.53671875 0.8796875 0.04140625 0.01953125
0 0.540625 0.784375 0.03671875 0.02265625
0 0.55 0.90078125 0.05625 0.01875
0 0.559375 0.846875 0.05625 0.0125
0 0.58046875 0.75859375 0.07578125 0.0171875
0 0.58671875 0.97109375 0.06875 0.03828125
0 0.6625 0.95 0.0765625 0.03515625
0 0.67421875 0.8375 0.1015625 0.0296875
0 0.6578125 0.82734375 0.05078125 0.015625
0 0.7921875 0.97578125 0.0453125 0.0421875
0 0.90859375 0.86640625 0.05703125 0.0109375
0 0.91640625 0.91796875 0.06484375 0.0234375
0 0.921875 0.87109375 0.06015625 0.0296875
0 0.93671875 0.8953125 0.08984375 0.02578125