0 0.04375 0.42734375 0.08671875 0.06171875
0 0.0453125 0.73515625 0.08984375 0.11171875
0 0.06484375 0.16015625 0.1203125 0.09296875
0 0.06796875 0.33515625 0.06875 0.07578125
0 0.171875 0.23828125 0.1234375 0.11015625
0 0.26796875 0.1046875 0.09609375 0.0640625
0 0.29375 0.196875 0.13671875 0.0578125
0 0.45703125 0.07421875 0.0828125 0.06328125
0 0.5046875 0.1234375 0.12265625 0.03515625
0 0.48125 0.39609375 0.05390625 0.04609375
0 0.5625 0.05703125 0.059375 0.1140625
0 0.60703125 0.50546875 0.121875 0.096875
0 0.778125 0.49921875 0.440625 0.9984375