0 0.0609375 0.52421875 0.121875 0.1734375
0 0.11796875 0.68046875 0.1453125 0.19453125
0 0.17734375 0.8484375 0.0984375 0.17578125
0 0.18125 0.06875 0.075 0.1375
0 0.22734375 0.05703125 0.0953125 0.1140625
0 0.2359375 0.9796875 0.0609375 0.03828125
0 0.31171875 0.11640625 0.16484375 0.14296875
0 0.3921875 0.22265625 0.1421875 0.15
0 0.44609375 0.38359375 0.1546875 0.16875
0 0.45859375 0.0734375 0.1390625 0.146875
0 0.515625 0.5875 0.1609375 0.23359375
0 0.54765625 0.05859375 0.11875 0.11171875
0 0.55859375 0.8046875 0.1234375 0.28515625
0 0.6375 0.13984375 0.1265625 0.21953125
0 0.6921875 0.12734375 0.1625 0.13203125
0 0.78828125 0.24921875 0.10390625 0.23828125
0 0.83671875 0.43359375 0.08203125 0.20703125
0 0.8828125 0.82890625 0.1234375 0.30546875
0 0.87734375 0.58828125 0.10234375 0.25234375
0 0.88828125 0.95703125 0.078125 0.084375