0 0.5859375 0.5796875 0.665625 0.5140625
0 0.14609375 0.82421875 0.0046875 0.0203125
0 0.17890625 0.8765625 0.0171875 0.0296875
0 0.20703125 0.7359375 0.0078125 0.02421875
0 0.24375 0.87578125 0.04375 0.01640625
0 0.30546875 0.87109375 0.03046875 0.01171875
0 0.45078125 0.8578125 0.03828125 0.02578125
0 0.528125 0.9765625 0.0421875 0.028125
0 0.5875 0.94140625 0.03203125 0.04140625
0 0.58125 0.92734375 0.01875 0.04921875
0 0.64765625 0.99140625 0.05234375 0.01484375
0 0.69296875 0.98203125 0.05 0.03359375
0 0.7390625 0.61328125 0.03515625 0.0296875
0 0.76953125 0.9625 0.02578125 0.0375
0 0.784375 0.8203125 0.03828125 0.0453125
0 0.80703125 0.9609375 0.05859375 0.03984375
0 0.81640625 0.2640625 0.0296875 0.028125
0 0.825 0.76953125 0.046875 0.03515625
0 0.875 0.90546875 0.0546875 0.0546875
0 0.97734375 0.79296875 0.04375 0.06015625
0 0.97890625 0.46015625 0.03984375 0.04921875
0 0.98203125 0.296875 0.034375 0.0453125