0 0.3484375 0.40390625 0.265625 0.371875
0 0.0203125 0.4984375 0.040625 0.121875
0 0.12734375 0.77734375 0.09453125 0.0578125
0 0.225 0.94453125 0.1109375 0.078125
0 0.3078125 0.71875 0.06953125 0.06328125
0 0.2953125 0.15546875 0.0375 0.07578125
0 0.3421875 0.115625 0.1078125 0.078125
0 0.3984375 0.76015625 0.04765625 0.1140625
0 0.4421875 0.071875 0.10625 0.1359375
0 0.509375 0.4125 0.09453125 0.071875
0 0.521875 0.1640625 0.0640625 0.09296875
0 0.51484375 0.54296875 0.04765625 0.065625
0 0.59765625 0.54453125 0.0875 0.0796875
0 0.65 0.65703125 0.09765625 0.1296875
0 0.65859375 0.49453125 0.0515625 0.10078125
0 0.7515625 0.4546875 0.0609375 0.134375
0 0.8078125 0.72421875 0.0984375 0.103125
0 0.809375 0.0375 0.03984375 0.075
0 0.84296875 0.55078125 0.1 0.0796875
0 0.8390625 0.94609375 0.05859375 0.08203125
0 0.85703125 0.2828125 0.09140625 0.10546875
0 0.8390625 0.04921875 0.03671875 0.0859375
0 0.8640625 0.74296875 0.05234375 0.16171875
0 0.909375 0.23359375 0.07265625 0.16640625
0 0.94140625 0.36640625 0.09140625 0.09453125