0 0.1375 0.47734375 0.13828125 0.39453125
0 0.13203125 0.959375 0.07890625 0.0796875
0 0.37578125 0.6046875 0.07734375 0.1375
0 0.48203125 0.5921875 0.1046875 0.21328125
0 0.5140625 0.3703125 0.096875 0.271875
0 0.56875 0.6 0.06171875 0.13671875
0 0.59375 0.85390625 0.0578125 0.07578125
0 0.66640625 0.584375 0.0390625 0.090625
0 0.709375 0.51484375 0.07890625 0.07578125
0 0.71484375 0.59765625 0.05078125 0.0453125
0 0.75390625 0.76484375 0.090625 0.159375
0 0.8578125 0.4734375 0.1125 0.15859375
0 0.8609375 0.19765625 0.09296875 0.06953125
0 0.8578125 0.271875 0.075 0.0546875
0 0.9609375 0.27578125 0.0765625 0.06953125
0 0.96171875 0.65703125 0.075 0.1359375