0 0.14296875 0.0984375 0.2859375 0.1953125
0 0.1828125 0.49609375 0.365625 0.1375
0 0.0671875 0.3875 0.13046875 0.08046875
0 0.2921875 0.2 0.3421875 0.153125
0 0.38515625 0.65390625 0.4359375 0.49375
0 0.35546875 0.4078125 0.2875 0.2984375
0 0.3484375 0.01953125 0.078125 0.0390625
0 0.503125 0.11328125 0.16953125 0.22421875
0 0.56796875 0.57578125 0.2953125 0.4
0 0.675 0.7484375 0.46328125 0.26640625
0 0.6734375 0.4578125 0.2796875 0.26640625
0 0.76796875 0.53515625 0.2203125 0.31015625
0 0.69453125 0.06796875 0.06015625 0.13515625
0 0.928125 0.09453125 0.1421875 0.18828125