0 0.6171875 0.434375 0.2609375 0.17109375
0 0.03359375 0.39609375 0.0671875 0.09765625
0 0.05625 0.23203125 0.1125 0.1328125
0 0.08671875 0.83125 0.1734375 0.1078125
0 0.12265625 0.79609375 0.215625 0.06953125
0 0.10234375 0.47109375 0.11015625 0.11796875
0 0.1390625 0.60078125 0.178125 0.11796875
0 0.2953125 0.89375 0.2734375 0.1671875
0 0.30703125 0.32421875 0.171875 0.1234375
0 0.328125 0.02578125 0.115625 0.0515625
0 0.3890625 0.86015625 0.19375 0.278125
0 0.55703125 0.809375 0.15625 0.090625
0 0.5921875 0.31953125 0.15 0.1
0 0.771875 0.59921875 0.178125 0.08125
0 0.8640625 0.0375 0.20234375 0.075
0 0.8796875 0.87734375 0.14609375 0.09296875
0 0.91640625 0.43984375 0.165625 0.27734375