0 0.13828125 0.61015625 0.11015625 0.196875
0 0.28359375 0.71875 0.24375 0.08828125
0 0.33671875 0.7828125 0.2421875 0.0796875
0 0.2625 0.5625 0.07421875 0.1546875
0 0.34296875 0.428125 0.1171875 0.4828125
0 0.45625 0.74140625 0.14765625 0.07421875
0 0.42734375 0.4015625 0.0796875 0.3375
0 0.49296875 0.359375 0.07890625 0.2390625
0 0.60078125 0.76484375 0.2 0.1046875
0 0.790625 0.76796875 0.2734375 0.08515625
0 0.72421875 0.37890625 0.06875 0.2953125
0 0.7890625 0.41328125 0.08828125 0.42578125
0 0.8625 0.38671875 0.084375 0.36640625
0 0.9296875 0.365625 0.05546875 0.35703125