0 0.5828125 0.3921875 0.26640625 0.1296875
0 0.31171875 0.44609375 0.2859375 0.11796875
0 0.3421875 0.38515625 0.29921875 0.084375
0 0.34375 0.4734375 0.296875 0.0953125
0 0.39296875 0.51015625 0.36484375 0.1109375
0 0.415625 0.61796875 0.31015625 0.12890625
0 0.41875 0.5765625 0.28203125 0.11796875
0 0.4890625 0.73359375 0.3890625 0.121875
0 0.459375 0.63125 0.31953125 0.07890625
0 0.4828125 0.68203125 0.3359375 0.10859375
0 0.4 0.3984375 0.165625 0.0515625
0 0.5421875 0.7796875 0.38984375 0.12265625