0 0.29609375 0.78671875 0.55234375 0.31875
0 0.06015625 0.859375 0.1203125 0.09296875
0 0.1328125 0.53046875 0.12109375 0.0390625
0 0.22734375 0.27578125 0.16015625 0.06640625
0 0.2625 0.6453125 0.1546875 0.09453125
0 0.25390625 0.37578125 0.05234375 0.0359375
0 0.32421875 0.1765625 0.19140625 0.115625
0 0.3125 0.55625 0.1453125 0.05234375
0 0.3203125 0.3171875 0.1046875 0.06171875
0 0.3734375 0.4953125 0.1453125 0.09296875
0 0.4015625 0.4046875 0.02890625 0.05546875
0 0.4140625 0.58359375 0.03125 0.05859375
0 0.7703125 0.26796875 0.4578125 0.22109375