0 0.575 0.54140625 0.26640625 0.2265625
0 0.5 0.340625 0.99921875 0.68046875
0 0.14921875 0.696875 0.08046875 0.04375
0 0.253125 0.57578125 0.028125 0.0609375
0 0.325 0.7953125 0.03671875 0.09453125
0 0.34765625 0.62421875 0.06015625 0.03671875
0 0.4265625 0.75859375 0.14296875 0.09453125
0 0.5515625 0.88984375 0.0484375 0.0875
0 0.609375 0.71484375 0.0328125 0.03671875
0 0.659375 0.68671875 0.0859375 0.12578125
0 0.73984375 0.62578125 0.0734375 0.04296875
0 0.7578125 0.83984375 0.0609375 0.06796875
0 0.840625 0.30078125 0.1890625 0.1390625
0 0.83203125 0.46796875 0.0671875 0.04609375
0 0.8609375 0.5734375 0.05234375 0.04921875
0 0.903125 0.421875 0.08515625 0.04375
0 0.94296875 0.32109375 0.11328125 0.10234375
0 0.92265625 0.4921875 0.0390625 0.02890625