0 0.04140625 0.1109375 0.0234375 0.01328125
0 0.0578125 0.153125 0.0140625 0.0125
0 0.08046875 0.1109375 0.0234375 0.01328125
0 0.08359375 0.09375 0.0296875 0.0140625
0 0.134375 0.10703125 0.02890625 0.0171875
0 0.140625 0.121875 0.0171875 0.0125
0 0.13984375 0.13984375 0.01328125 0.01015625
0 0.146875 0.03984375 0.01796875 0.01015625
0 0.16171875 0.04375 0.02578125 0.0171875
0 0.16875 0.0828125 0.03515625 0.01484375
0 0.190625 0.00625 0.025 0.0125
0 0.23046875 0.06796875 0.02734375 0.0171875
0 0.24375 0.11015625 0.02421875 0.01484375
0 0.265625 0.01640625 0.025 0.0171875
0 0.26953125 0.134375 0.021875 0.02109375
0 0.2828125 0.04609375 0.0203125 0.01953125
0 0.29375 0.07109375 0.0265625 0.02109375
0 0.3140625 0.08046875 0.015625 0.02265625
0 0.38671875 0.57890625 0.0375 0.03515625
0 0.47421875 0.57578125 0.03359375 0.02734375
0 0.54765625 0.55390625 0.0546875 0.0453125