0 0.01484375 0.4046875 0.0265625 0.02734375
0 0.02734375 0.3609375 0.0453125 0.03125
0 0.02578125 0.44453125 0.0390625 0.0328125
0 0.07890625 0.50703125 0.015625 0.034375
0 0.09765625 0.54375 0.021875 0.01953125
0 0.1109375 0.3859375 0.0125 0.01875
0 0.1546875 0.4109375 0.028125 0.02265625
0 0.42734375 0.765625 0.034375 0.0203125
0 0.4890625 0.76796875 0.0796875 0.084375
0 0.465625 0.3171875 0.0296875 0.04375
0 0.54609375 0.67578125 0.07109375 0.0734375
0 0.7875 0.8 0.08671875 0.06015625
0 0.9375 0.6234375 0.071875 0.05546875