0 0.3390625 0.11640625 0.12265625 0.1015625
0 0.10390625 0.0890625 0.10546875 0.0734375
0 0.1328125 0.38515625 0.0265625 0.0421875
0 0.23515625 0.85078125 0.0640625 0.09765625
0 0.30390625 0.390625 0.10859375 0.15
0 0.3 0.5359375 0.075 0.065625
0 0.2859375 0.803125 0.03515625 0.04140625
0 0.2890625 0.63046875 0.0296875 0.08984375
0 0.309375 0.76484375 0.0609375 0.11328125
0 0.33359375 0.4828125 0.0546875 0.040625
0 0.3328125 0.340625 0.03203125 0.05703125
0 0.35859375 0.9046875 0.0609375 0.065625
0 0.35625 0.38671875 0.053125 0.07734375
0 0.38359375 0.28671875 0.0625 0.0546875
0 0.3984375 0.528125 0.0390625 0.07578125
0 0.41328125 0.1484375 0.059375 0.0625
0 0.3953125 0.8203125 0.01796875 0.0484375
0 0.40078125 0.6765625 0.0171875 0.09140625
0 0.425 0.8734375 0.05703125 0.07265625
0 0.446875 0.20234375 0.03359375 0.059375
0 0.45234375 0.98359375 0.01796875 0.03046875
0 0.4640625 0.846875 0.03984375 0.053125
0 0.528125 0.45703125 0.165625 0.134375
0 0.53828125 0.98515625 0.10234375 0.02734375
0 0.51171875 0.21640625 0.0328125 0.04296875
0 0.5234375 0.7828125 0.05703125 0.08359375
0 0.5265625 0.7421875 0.0171875 0.0484375
0 0.55 0.16171875 0.059375 0.06015625
0 0.5859375 0.1203125 0.06796875 0.06015625
0 0.6296875 0.2859375 0.0375 0.1171875
0 0.6578125 0.16953125 0.0734375 0.0484375
0 0.66484375 0.26484375 0.0703125 0.046875
0 0.67265625 0.1828125 0.05234375 0.0171875
0 0.72109375 0.46171875 0.071875 0.07265625
0 0.75703125 0.03984375 0.0640625 0.07109375
0 0.76796875 0.38046875 0.0859375 0.090625
0 0.78125 0.6828125 0.090625 0.0484375
0 0.7796875 0.21484375 0.0765625 0.053125
0 0.803125 0.15390625 0.01953125 0.02421875
0 0.84609375 0.284375 0.05703125 0.0859375
0 0.88515625 0.72578125 0.04140625 0.07265625
0 0.92890625 0.37265625 0.04609375 0.04140625
0 0.9546875 0.33828125 0.08046875 0.07578125
0 0.965625 0.78203125 0.06796875 0.14296875
0 0.99453125 0.33671875 0.01015625 0.0390625