0 0.3375 0.72421875 0.0609375 0.225
0 0.28671875 0.1765625 0.06796875 0.26015625
0 0.2984375 0.42734375 0.0484375 0.26171875
0 0.334375 0.4359375 0.04296875 0.28828125
0 0.34375 0.1671875 0.05703125 0.24375
0 0.3734375 0.17109375 0.0890625 0.24375
0 0.38828125 0.45078125 0.06484375 0.35234375
0 0.3984375 0.6890625 0.05546875 0.25703125
0 0.434375 0.46875 0.0625 0.3484375
0 0.440625 0.18984375 0.0421875 0.2609375
0 0.453125 0.7515625 0.06484375 0.30078125
0 0.4765625 0.18125 0.0515625 0.271875
0 0.471875 0.46015625 0.03359375 0.31328125
0 0.49765625 0.74921875 0.0609375 0.28671875
0 0.51484375 0.51328125 0.04765625 0.4125
0 0.5265625 0.18984375 0.059375 0.24765625
0 0.56171875 0.77265625 0.06484375 0.35390625
0 0.58125 0.5625 0.0703125 0.50546875
0 0.575 0.1953125 0.04765625 0.27109375
0 0.628125 0.209375 0.07421875 0.32109375
0 0.653125 0.74921875 0.0640625 0.325
0 0.66875 0.51328125 0.06953125 0.4125
0 0.66953125 0.175 0.0640625 0.26015625
0 0.7125 0.18203125 0.0546875 0.26015625