0 0.653125 0.41484375 0.078125 0.08984375
0 0.0609375 0.8125 0.0625 0.02734375
0 0.0546875 0.33125 0.0328125 0.08984375
0 0.0640625 0.55390625 0.04609375 0.0328125
0 0.0671875 0.63671875 0.05390625 0.04375
0 0.1046875 0.125 0.10859375 0.10234375
0 0.19140625 0.390625 0.0984375 0.1171875
0 0.184375 0.67109375 0.071875 0.05546875
0 0.175 0.61328125 0.0484375 0.0421875
0 0.2453125 0.284375 0.1703125 0.0984375
0 0.2171875 0.1296875 0.1078125 0.13828125
0 0.1890625 0.84453125 0.04375 0.02421875
0 0.278125 0.54375 0.0859375 0.07109375
0 0.31875 0.41484375 0.0921875 0.10703125
0 0.3203125 0.6375 0.04375 0.03125
0 0.4734375 0.2765625 0.3515625 0.28828125
0 0.32734375 0.7484375 0.01953125 0.0625
0 0.41796875 0.6640625 0.0625 0.06640625
0 0.4140625 0.7875 0.03203125 0.053125
0 0.4421875 0.48828125 0.0546875 0.040625
0 0.4546875 0.76875 0.01796875 0.04609375
0 0.478125 0.75859375 0.034375 0.034375
0 0.496875 0.5390625 0.0609375 0.040625
0 0.484375 0.50703125 0.021875 0.03828125
0 0.53359375 0.60390625 0.04921875 0.05625
0 0.53203125 0.51796875 0.0390625 0.053125
0 0.5640625 0.54296875 0.05390625 0.03671875
0 0.565625 0.484375 0.0359375 0.01484375
0 0.5890625 0.62265625 0.03828125 0.03125
0 0.58203125 0.73515625 0.01171875 0.02890625
0 0.58984375 0.51015625 0.02421875 0.02890625
0 0.59140625 0.5578125 0.0109375 0.03671875
0 0.625 0.73125 0.0203125 0.0328125
0 0.66171875 0.31640625 0.053125 0.034375
0 0.64453125 0.69765625 0.0125 0.02734375
0 0.6890625 0.53359375 0.0921875 0.084375
0 0.6625 0.72890625 0.0140625 0.0171875
0 0.6703125 0.68046875 0.0078125 0.0328125
0 0.6890625 0.71953125 0.02578125 0.02421875
0 0.69140625 0.3078125 0.0203125 0.0328125
0 0.7203125 0.746875 0.0453125 0.05703125
0 0.7296875 0.64609375 0.05 0.0484375
0 0.73515625 0.26796875 0.04609375 0.0328125
0 0.77109375 0.3328125 0.015625 0.0203125
0 0.903125 0.52109375 0.07109375 0.0984375
0 0.8828125 0.353125 0.028125 0.04609375