0 0.1171875 0.4921875 0.19375 0.096875
0 0.30859375 0.38125 0.0984375 0.07109375
0 0.31953125 0.28046875 0.07890625 0.0546875
0 0.3390625 0.43515625 0.04609375 0.0375
0 0.3796875 0.16875 0.10234375 0.06953125
0 0.3859375 0.54765625 0.0984375 0.06484375
0 0.48984375 0.76953125 0.178125 0.0765625
0 0.459375 0.5609375 0.09921875 0.09609375
0 0.465625 0.44765625 0.0890625 0.1859375
0 0.4734375 0.06328125 0.0875 0.115625
0 0.58671875 0.66171875 0.07890625 0.11953125
0 0.628125 0.13203125 0.14375 0.05703125
0 0.634375 0.80390625 0.15390625 0.06171875
0 0.6046875 0.01875 0.0890625 0.0375
0 0.6546875 0.65078125 0.03515625 0.05859375
0 0.7265625 0.75078125 0.09140625 0.0484375
0 0.83671875 0.671875 0.04921875 0.07734375