0 0.20546875 0.5046875 0.4109375 0.696875
0 0.3953125 0.73046875 0.0421875 0.2546875
0 0.6234375 0.71953125 0.4859375 0.55859375
0 0.43046875 0.546875 0.0390625 0.1
0 0.45859375 0.54296875 0.08515625 0.1234375
0 0.43359375 0.69140625 0.0296875 0.19296875
0 0.4703125 0.64765625 0.0640625 0.18203125
0 0.471875 0.2984375 0.0640625 0.15
0 0.51015625 0.5328125 0.04765625 0.071875
0 0.5078125 0.61796875 0.0234375 0.1265625
0 0.5421875 0.5265625 0.04609375 0.09296875
0 0.55703125 0.28671875 0.0765625 0.153125
0 0.5984375 0.3390625 0.12890625 0.1546875
0 0.59296875 0.29609375 0.09375 0.15859375
0 0.63515625 0.44296875 0.0375 0.14296875
0 0.66015625 0.40390625 0.03984375 0.1484375
0 0.68359375 0.3484375 0.025 0.15703125
0 0.72578125 0.44609375 0.0484375 0.1453125
0 0.71875 0.3390625 0.0296875 0.1546875
0 0.759375 0.31953125 0.04609375 0.16796875
0 0.79453125 0.33203125 0.0609375 0.15703125
0 0.8390625 0.54296875 0.09375 0.1296875
0 0.8265625 0.40390625 0.0453125 0.1453125
0 0.86875 0.5640625 0.1171875 0.10859375
0 0.90625 0.65 0.18515625 0.19296875
0 0.921875 0.45390625 0.08125 0.1453125
0 0.91796875 0.41015625 0.06875 0.1703125
0 0.965625 0.49453125 0.06640625 0.128125
0 0.96953125 0.4265625 0.05859375 0.14296875