0 0.86953125 0.3546875 0.2234375 0.30703125
0 0.02578125 0.1859375 0.0515625 0.234375
0 0.07421875 0.959375 0.1484375 0.07890625
0 0.20703125 0.765625 0.4140625 0.3640625
0 0.246875 0.09375 0.45859375 0.1875
0 0.49609375 0.7296875 0.3453125 0.1390625
0 0.53203125 0.4265625 0.3984375 0.30234375
0 0.63671875 0.5875 0.428125 0.17734375
0 0.653125 0.1359375 0.3640625 0.22734375
0 0.6625 0.30546875 0.2921875 0.13671875
0 0.7546875 0.765625 0.25 0.140625
0 0.83203125 0.74140625 0.22109375 0.1921875
0 0.84765625 0.90703125 0.19609375 0.18515625
0 0.86640625 0.075 0.10703125 0.07890625
0 0.9296875 0.73515625 0.1390625 0.1578125
0 0.95078125 0.11796875 0.09765625 0.16171875
0 0.96171875 0.61796875 0.07578125 0.0734375
0 0.97265625 0.81015625 0.05390625 0.10234375
0 0.97421875 0.02890625 0.05 0.05703125