0 0.478125 0.5796875 0.2265625 0.72421875
0 0.2828125 0.28046875 0.06875 0.20078125
0 0.30546875 0.40625 0.0578125 0.1734375
0 0.33125 0.57421875 0.0921875 0.28671875
0 0.3203125 0.6265625 0.0640625 0.1609375
0 0.38828125 0.2921875 0.08828125 0.26640625
0 0.396875 0.41015625 0.04921875 0.175
0 0.5640625 0.2796875 0.0390625 0.16875
0 0.6125 0.3140625 0.109375 0.31640625
0 0.63984375 0.61171875 0.06015625 0.3453125
0 0.65859375 0.6609375 0.05859375 0.41328125
0 0.70390625 0.4109375 0.05625 0.19453125