0 0.6375 0.184375 0.32265625 0.2625
0 0.11953125 0.28125 0.2390625 0.08046875
0 0.0953125 0.09921875 0.1125 0.0953125
0 0.22265625 0.75546875 0.1484375 0.06796875
0 0.275 0.50859375 0.203125 0.0875
0 0.32890625 0.35859375 0.11640625 0.0671875
0 0.4109375 0.11015625 0.203125 0.1453125
0 0.44609375 0.25234375 0.16953125 0.09453125
0 0.41875 0.596875 0.1 0.125
0 0.44921875 0.35859375 0.10546875 0.07421875
0 0.71328125 0.4859375 0.15390625 0.096875
0 0.7890625 0.37265625 0.1390625 0.12890625
0 0.91875 0.396875 0.1609375 0.1359375
0 0.9265625 0.75234375 0.14609375 0.1
0 0.940625 0.528125 0.1171875 0.07109375
0 0.9640625 0.63125 0.0703125 0.1390625