0 0.828125 0.0453125 0.24921875 0.0859375
0 0.00859375 0.203125 0.0171875 0.021875
0 0.01015625 0.25 0.01953125 0.0203125
0 0.0203125 0.325 0.040625 0.02734375
0 0.07109375 0.24453125 0.096875 0.03046875
0 0.08359375 0.1640625 0.12265625 0.0921875
0 0.07109375 0.278125 0.0875 0.0328125
0 0.0703125 0.325 0.0765625 0.02734375
0 0.16328125 0.06640625 0.18046875 0.06640625
0 0.1296875 0.209375 0.0515625 0.0203125
0 0.153125 0.325 0.09765625 0.03359375
0 0.1453125 0.2546875 0.06171875 0.03125
0 0.1625 0.1625 0.03125 0.02421875
0 0.45390625 0.18671875 0.02265625 0.03046875
0 0.84921875 0.61796875 0.3 0.1453125