0 0.140625 0.1671875 0.02421875 0.0921875
0 0.228125 0.5265625 0.02578125 0.03515625
0 0.26171875 0.11875 0.0625 0.02734375
0 0.246875 0.16875 0.01171875 0.0640625
0 0.2921875 0.221875 0.07109375 0.04609375
0 0.2828125 0.515625 0.04375 0.04453125
0 0.27890625 0.0234375 0.0203125 0.03515625
0 0.28125 0.26640625 0.0234375 0.0140625
0 0.303125 0.384375 0.059375 0.03671875
0 0.328125 0.1609375 0.06484375 0.071875
0 0.31015625 0.0171875 0.0265625 0.034375
0 0.31796875 0.3265625 0.0421875 0.02890625
0 0.321875 0.61875 0.0234375 0.0234375
0 0.3375 0.45390625 0.0296875 0.03671875
0 0.365625 0.23515625 0.0671875 0.0734375
0 0.3578125 0.10546875 0.04765625 0.03125
0 0.3578125 0.5484375 0.0296875 0.05625
0 0.36328125 0.39921875 0.0234375 0.0546875
0 0.4046875 0.490625 0.06953125 0.10234375
0 0.38984375 0.59921875 0.0265625 0.06953125
0 0.41875 0.6953125 0.06875 0.071875
0 0.41640625 0.29453125 0.0390625 0.08125
0 0.42890625 0.553125 0.0484375 0.07734375
0 0.44140625 0.40234375 0.0421875 0.084375
0 0.44609375 0.45546875 0.0453125 0.02578125
0 0.45625 0.625 0.04921875 0.0265625
0 0.45 0.21484375 0.03203125 0.0828125
0 0.465625 0.8078125 0.02421875 0.04609375
0 0.49296875 0.396875 0.03359375 0.07734375
0 0.52890625 0.690625 0.03828125 0.059375
0 0.528125 0.25546875 0.0296875 0.0515625
0 0.5453125 0.3703125 0.04375 0.071875
0 0.565625 0.3125 0.0671875 0.04765625
0 0.55546875 0.46640625 0.03203125 0.03515625
0 0.56328125 0.85234375 0.040625 0.165625
0 0.590625 0.54140625 0.0859375 0.05390625
0 0.58125 0.7375 0.021875 0.09765625
0 0.58671875 0.596875 0.0203125 0.03671875
0 0.5984375 0.38984375 0.02109375 0.0734375
0 0.61015625 0.26875 0.03203125 0.071875
0 0.61796875 0.4453125 0.0421875 0.06953125
0 0.65 0.6109375 0.02109375 0.03125
0 0.65234375 0.79609375 0.01640625 0.06953125
0 0.66171875 0.3375 0.01953125 0.0421875
0 0.66953125 0.59375 0.01796875 0.0421875
0 0.678125 0.415625 0.02421875 0.05546875
0 0.69765625 0.5375 0.05 0.0609375
0 0.71484375 0.6609375 0.05703125 0.03125
0 0.71640625 0.3546875 0.0265625 0.046875
0 0.7859375 0.5625 0.03203125 0.06953125