0 0.528125 0.32890625 0.15625 0.1125
0 0.04140625 0.49375 0.08046875 0.065625
0 0.08984375 0.3 0.1546875 0.0875
0 0.14609375 0.278125 0.184375 0.11953125
0 0.12109375 0.490625 0.121875 0.103125
0 0.1296875 0.65234375 0.13671875 0.1015625
0 0.15859375 0.0890625 0.1921875 0.1203125
0 0.18125 0.4125 0.1890625 0.09375
0 0.16875 0.79609375 0.10234375 0.028125
0 0.209375 0.871875 0.134375 0.0546875
0 0.2328125 0.2359375 0.1796875 0.10078125
0 0.21796875 0.5859375 0.10390625 0.06328125
0 0.24765625 0.34375 0.1578125 0.09765625
0 0.28125 0.725 0.1140625 0.04765625
0 0.3359375 0.19609375 0.18046875 0.0921875
0 0.33359375 0.634375 0.1453125 0.07890625
0 0.3546875 0.525 0.1640625 0.05078125
0 0.40625 0.4140625 0.16328125 0.08125
0 0.42109375 0.45234375 0.15859375 0.059375
0 0.43828125 0.55078125 0.1828125 0.12578125
0 0.4171875 0.36796875 0.12109375 0.0609375
0 0.4015625 0.5890625 0.08828125 0.0484375
0 0.4734375 0.803125 0.1375 0.03046875
0 0.5828125 0.4140625 0.1546875 0.14453125
0 0.6171875 0.5234375 0.1984375 0.1
0 0.6171875 0.59921875 0.16484375 0.05625
0 0.78125 0.44375 0.22421875 0.15703125
0 0.7625 0.48671875 0.115625 0.0671875
0 0.7796875 0.35 0.1421875 0.0765625