0 0.7875 0.39609375 0.20078125 0.17421875
0 0.45234375 0.1953125 0.0859375 0.07109375
0 0.45625 0.453125 0.0421875 0.059375
0 0.4625 0.4421875 0.0421875 0.03828125
0 0.53984375 0.55234375 0.0421875 0.084375
0 0.53359375 0.2671875 0.0140625 0.03984375
0 0.5734375 0.32109375 0.02109375 0.0671875
0 0.5828125 0.23359375 0.040625 0.03359375
0 0.58046875 0.34296875 0.0296875 0.05
0 0.5859375 0.34609375 0.0375 0.02734375
0 0.59453125 0.5734375 0.04765625 0.07890625
0 0.896875 0.2171875 0.1765625 0.065625