0 0.728125 0.54921875 0.05390625 0.13203125
0 0.2921875 0.44296875 0.58359375 0.53984375
0 0.1359375 0.61796875 0.04609375 0.06796875
0 0.340625 0.60703125 0.05625 0.24765625
0 0.38203125 0.621875 0.04453125 0.1015625
0 0.51953125 0.55859375 0.02109375 0.05859375
0 0.52109375 0.7890625 0.0203125 0.06015625
0 0.57578125 0.146875 0.0859375 0.12890625
0 0.54609375 0.8828125 0.01640625 0.06484375
0 0.61796875 0.928125 0.034375 0.03671875
0 0.646875 0.3578125 0.07421875 0.04140625
0 0.8953125 0.38984375 0.01796875 0.065625
0 0.92109375 0.840625 0.0234375 0.02734375
0 0.93828125 0.85390625 0.01171875 0.01484375
0 0.94765625 0.5984375 0.02578125 0.0640625
0 0.9828125 0.5546875 0.03359375 0.065625
0 0.97421875 0.79375 0.0140625 0.02578125
0 0.98203125 0.95546875 0.02109375 0.04453125