0 0.01796875 0.4703125 0.0359375 0.06328125
0 0.02890625 0.328125 0.0265625 0.0625
0 0.05 0.425 0.0203125 0.03984375
0 0.05703125 0.21484375 0.0234375 0.03671875
0 0.09453125 0.32109375 0.05390625 0.07890625
0 0.08125 0.60703125 0.0234375 0.0515625
0 0.10390625 0.40703125 0.00703125 0.02734375
0 0.1375 0.58203125 0.03984375 0.053125
0 0.18125 0.24765625 0.0296875 0.046875
0 0.20234375 0.4171875 0.01171875 0.02109375
0 0.26953125 0.890625 0.14140625 0.21328125
0 0.215625 0.37265625 0.015625 0.02734375
0 0.2375 0.52421875 0.053125 0.07734375
0 0.23828125 0.42109375 0.0296875 0.0203125
0 0.2328125 0.34921875 0.01328125 0.01171875
0 0.240625 0.58828125 0.0140625 0.053125
0 0.24453125 0.31953125 0.01015625 0.03828125
0 0.259375 0.3796875 0.0265625 0.02734375
0 0.259375 0.40625 0.0203125 0.0359375
0 0.2734375 0.36796875 0.03515625 0.03984375
0 0.275 0.4578125 0.0171875 0.046875
0 0.28515625 0.23515625 0.0203125 0.0359375
0 0.2859375 0.3140625 0.01015625 0.03828125
0 0.31484375 0.27890625 0.0390625 0.0359375
0 0.32109375 0.18046875 0.0171875 0.0328125
0 0.3578125 0.34921875 0.04140625 0.0328125
0 0.3609375 0.24453125 0.04375 0.03984375
0 0.34921875 0.30234375 0.01796875 0.034375
0 0.36875 0.30859375 0.01953125 0.03046875
0 0.38828125 0.62421875 0.02890625 0.0515625
0 0.390625 0.2421875 0.02578125 0.03671875
0 0.39609375 0.3671875 0.03515625 0.03515625
0 0.40234375 0.32421875 0.0296875 0.04140625
0 0.415625 0.10546875 0.03515625 0.0375
0 0.7078125 0.25390625 0.5828125 0.50546875
0 0.59140625 0.63515625 0.0375 0.084375
0 0.61171875 0.496875 0.053125 0.103125
0 0.65390625 0.73671875 0.0234375 0.06015625
0 0.7703125 0.68515625 0.0390625 0.06328125
0 0.7765625 0.5234375 0.015625 0.05
0 0.86484375 0.54765625 0.03984375 0.05
0 0.91953125 0.253125 0.0359375 0.03671875
0 0.98828125 0.55703125 0.015625 0.03828125