0 0.05234375 0.7109375 0.1046875 0.1046875
0 0.09375 0.2171875 0.096875 0.0484375
0 0.10390625 0.39765625 0.0796875 0.13671875
0 0.15234375 0.48046875 0.11015625 0.09296875
0 0.1359375 0.63515625 0.0703125 0.06640625
0 0.1703125 0.4046875 0.0828125 0.1484375
0 0.17734375 0.18984375 0.096875 0.03046875
0 0.17109375 0.7140625 0.0796875 0.12421875
0 0.1875 0.27421875 0.10078125 0.04140625
0 0.17890625 0.13203125 0.06171875 0.0359375
0 0.2390625 0.74296875 0.1578125 0.146875
0 0.22734375 0.1734375 0.08671875 0.0359375
0 0.221875 0.22265625 0.053125 0.05859375
0 0.37109375 0.68984375 0.11640625 0.06328125
0 0.38203125 0.84296875 0.1140625 0.1859375
0 0.37265625 0.44140625 0.075 0.12734375
0 0.4171875 0.5421875 0.13046875 0.09453125
0 0.390625 0.184375 0.0671875 0.040625
0 0.45390625 0.88828125 0.1734375 0.08515625
0 0.415625 0.30625 0.053125 0.12578125
0 0.4234375 0.21328125 0.0421875 0.0671875
0 0.4984375 0.19921875 0.08125 0.05
0 0.4859375 0.14921875 0.05390625 0.05
0 0.496875 0.3265625 0.07421875 0.11484375
0 0.5140625 0.5265625 0.0453125 0.11484375
0 0.53359375 0.72421875 0.034375 0.1390625
0 0.5421875 0.36484375 0.0421875 0.1046875
0 0.5828125 0.49296875 0.09140625 0.12421875
0 0.5640625 0.5984375 0.0359375 0.0640625
0 0.578125 0.246875 0.0390625 0.10703125
0 0.590625 0.203125 0.059375 0.084375
0 0.5984375 0.42109375 0.0546875 0.1546875
0 0.60546875 0.92265625 0.03984375 0.146875
0 0.6171875 0.20390625 0.06328125 0.0828125
0 0.67109375 0.1734375 0.1265625 0.03984375
0 0.66875 0.22109375 0.08671875 0.08359375
0 0.64921875 0.80234375 0.03046875 0.12578125
0 0.665625 0.61484375 0.04375 0.11953125
0 0.809375 0.38984375 0.32421875 0.2859375
0 0.69765625 0.18984375 0.0984375 0.07578125
0 0.7390625 0.5671875 0.1265625 0.1375
0 0.75 0.6921875 0.0953125 0.203125
0 0.7546875 0.18046875 0.07109375 0.02890625
0 0.7765625 0.53515625 0.0796875 0.12578125
0 0.83125 0.8734375 0.178125 0.11015625
0 0.8 0.23515625 0.0609375 0.090625
0 0.8546875 0.9375 0.10625 0.11015625
0 0.83125 0.16015625 0.0546875 0.046875
0 0.86015625 0.228125 0.06796875 0.07890625
0 0.8625 0.5609375 0.0609375 0.07734375
0 0.8875 0.2140625 0.0546875 0.06171875
0 0.89296875 0.18984375 0.05390625 0.0546875
0 0.925 0.26484375 0.065625 0.10859375
0 0.9296875 0.44140625 0.0671875 0.0546875
0 0.9296875 0.5265625 0.0390625 0.10859375
0 0.9703125 0.30859375 0.02890625 0.0890625
0 0.97890625 0.23125 0.0375 0.07578125
0 0.9921875 0.14921875 0.0140625 0.0328125