0 0.446875 0.52890625 0.15625 0.19609375
0 0.0546875 0.26171875 0.02734375 0.04140625
0 0.10390625 0.45859375 0.11796875 0.2421875
0 0.265625 0.53125 0.0953125 0.084375
0 0.2484375 0.33828125 0.0484375 0.046875
0 0.38125 0.2953125 0.0625 0.09453125
0 0.40625 0.08828125 0.06015625 0.0515625
0 0.4296875 0.35078125 0.02265625 0.04296875
0 0.5859375 0.16484375 0.1546875 0.2015625
0 0.6046875 0.35546875 0.1421875 0.07734375
0 0.5609375 0.30234375 0.03359375 0.0734375
0 0.56796875 0.7671875 0.03671875 0.03984375
0 0.75234375 0.73359375 0.10859375 0.06484375
0 0.7703125 0.45859375 0.1046875 0.1546875
0 0.87734375 0.35625 0.059375 0.09375
0 0.90390625 0.190625 0.0890625 0.084375
0 0.9203125 0.22734375 0.06171875 0.06171875
0 0.94140625 0.5078125 0.02734375 0.0515625