0 0.03046875 0.69921875 0.0609375 0.0703125
0 0.04609375 0.9390625 0.0921875 0.10546875
0 0.096875 0.66328125 0.16640625 0.0890625
0 0.12421875 0.7828125 0.08828125 0.1140625
0 0.2328125 0.9484375 0.10078125 0.10078125
0 0.28203125 0.61484375 0.15625 0.08203125
0 0.321875 0.7328125 0.1828125 0.13125
0 0.39765625 0.41953125 0.14453125 0.09453125
0 0.4421875 0.94921875 0.1765625 0.07578125
0 0.44375 0.63125 0.1171875 0.071875
0 0.41328125 0.70390625 0.0421875 0.09375
0 0.4953125 0.44453125 0.07109375 0.1390625
0 0.56171875 0.84921875 0.0796875 0.10625
0 0.57265625 0.68203125 0.09453125 0.09921875
0 0.678125 0.76015625 0.071875 0.1734375
0 0.7125 0.65078125 0.0828125 0.11953125