0 0.61328125 0.30390625 0.1015625 0.08203125
0 0.0171875 0.22734375 0.03359375 0.0828125
0 0.03828125 0.565625 0.075 0.084375
0 0.05078125 0.1359375 0.02734375 0.04140625
0 0.09765625 0.09375 0.059375 0.02890625
0 0.1984375 0.53359375 0.0796875 0.040625
0 0.1953125 0.421875 0.05546875 0.07265625
0 0.203125 0.1703125 0.0296875 0.02734375
0 0.2203125 0.571875 0.059375 0.075
0 0.2046875 0.2703125 0.0171875 0.0515625
0 0.2625 0.17265625 0.09140625 0.0515625
0 0.31640625 0.053125 0.04140625 0.0515625
0 0.5703125 0.4390625 0.04375 0.0515625
0 0.71484375 0.0765625 0.1453125 0.08828125
0 0.79140625 0.29765625 0.0796875 0.0546875
0 0.9125 0.03984375 0.17421875 0.07890625
0 0.95546875 0.734375 0.0640625 0.07734375
0 0.9421875 0.18984375 0.03125 0.06328125