0 0.0046875 0.3765625 0.009375 0.04375
0 0.02265625 0.2984375 0.0453125 0.0546875
0 0.025 0.4265625 0.03046875 0.03671875
0 0.04375 0.334375 0.0328125 0.040625
0 0.04296875 0.3796875 0.02421875 0.03125
0 0.0671875 0.4109375 0.04375 0.0484375
0 0.08125 0.3671875 0.03984375 0.03828125
0 0.07265625 0.3125 0.015625 0.0328125
0 0.0953125 0.28359375 0.034375 0.03671875
0 0.1046875 0.328125 0.04609375 0.03203125
0 0.4921875 0.4734375 0.77890625 0.60390625
0 0.58203125 0.79765625 0.0859375 0.0671875
0 0.70625 0.78203125 0.0703125 0.05546875
0 0.76484375 0.2 0.0640625 0.03828125
0 0.7875 0.784375 0.0859375 0.05625
0 0.8265625 0.20234375 0.05 0.04609375
0 0.85078125 0.8546875 0.09765625 0.0625
0 0.8515625 0.22734375 0.0609375 0.034375
0 0.8515625 0.69296875 0.0421875 0.034375
0 0.86640625 0.72578125 0.06328125 0.053125
0 0.8671875 0.26796875 0.0328125 0.034375
0 0.8734375 0.290625 0.0453125 0.0265625
0 0.878125 0.52265625 0.0453125 0.0359375
0 0.88046875 0.33046875 0.03984375 0.05234375
0 0.8796875 0.5859375 0.03515625 0.0328125
0 0.90703125 0.3984375 0.0484375 0.03828125
0 0.903125 0.2640625 0.0359375 0.03125
0 0.9046875 0.58359375 0.0359375 0.03671875
0 0.9078125 0.52890625 0.03359375 0.02265625
0 0.9171875 0.72109375 0.0453125 0.04765625
0 0.94765625 0.6140625 0.10390625 0.1265625
0 0.928125 0.9 0.06015625 0.0421875
0 0.934375 0.35390625 0.0453125 0.03828125
0 0.93984375 0.74609375 0.0421875 0.04609375
0 0.9375 0.56484375 0.034375 0.028125
0 0.95078125 0.8046875 0.05625 0.05703125
0 0.9640625 0.47890625 0.05 0.03125
0 0.96875 0.5015625 0.0359375 0.03671875