0 0.04140625 0.49140625 0.0140625 0.0171875
0 0.05625 0.5140625 0.02578125 0.02421875
0 0.059375 0.546875 0.015625 0.015625
0 0.075 0.5359375 0.01953125 0.01328125
0 0.184375 0.5203125 0.03125 0.0140625
0 0.3703125 0.428125 0.178125 0.0828125
0 0.3484375 0.559375 0.0328125 0.01171875
0 0.6390625 0.46875 0.028125 0.02421875
0 0.65234375 0.4546875 0.025 0.01640625
0 0.69921875 0.396875 0.034375 0.02578125
0 0.73046875 0.4234375 0.0265625 0.0171875
0 0.73125 0.13984375 0.02421875 0.0203125
0 0.7359375 0.4390625 0.03125 0.015625
0 0.7421875 0.3828125 0.02578125 0.0203125
0 0.7609375 0.3890625 0.0375 0.0125
0 0.75546875 0.13203125 0.01015625 0.015625
0 0.7671875 0.3609375 0.03125 0.015625
0 0.778125 0.4453125 0.01953125 0.0125
0 0.80859375 0.39609375 0.0234375 0.03046875
0 0.81015625 0.45703125 0.0140625 0.03203125
0 0.871875 0.12734375 0.01015625 0.0125