0 0.1484375 0.4421875 0.05390625 0.06484375
0 0.25390625 0.3875 0.0421875 0.06484375
0 0.2578125 0.61328125 0.03515625 0.034375
0 0.33984375 0.4140625 0.09375 0.053125
0 0.3203125 0.596875 0.0234375 0.03671875
0 0.35 0.6171875 0.0453125 0.02578125
0 0.41328125 0.83359375 0.0578125 0.03515625
0 0.4390625 0.40078125 0.05390625 0.0359375
0 0.4546875 0.66015625 0.0703125 0.02890625
0 0.46328125 0.5703125 0.05703125 0.03828125
0 0.471875 0.83046875 0.05078125 0.0296875
0 0.50859375 0.421875 0.0390625 0.1046875
0 0.61171875 0.37265625 0.02109375 0.04296875
0 0.64140625 0.60078125 0.071875 0.02890625