0 0.53984375 0.4734375 0.39140625 0.259375
0 0.02109375 0.66875 0.0421875 0.0296875
0 0.26484375 0.7515625 0.51875 0.24609375
0 0.0671875 0.1578125 0.0546875 0.03125
0 0.1390625 0.16953125 0.07890625 0.03125
0 0.175 0.27109375 0.03125 0.02109375
0 0.203125 0.3171875 0.02734375 0.04296875
0 0.22734375 0.146875 0.07265625 0.0390625
0 0.42109375 0.65390625 0.4328125 0.171875
0 0.22734375 0.303125 0.01953125 0.025
0 0.240625 0.4984375 0.03828125 0.03515625
0 0.2640625 0.48828125 0.03984375 0.03359375
0 0.26640625 0.22734375 0.03984375 0.025
0 0.278125 0.13203125 0.04375 0.0328125
0 0.27578125 0.30859375 0.034375 0.02578125
0 0.3 0.4421875 0.05703125 0.08203125
0 0.378125 0.1234375 0.04140625 0.0328125
0 0.446875 0.20390625 0.0203125 0.040625
0 0.4828125 0.31640625 0.0375 0.015625
0 0.509375 0.15859375 0.0359375 0.02109375
0 0.540625 0.13125 0.0703125 0.03671875
0 0.57734375 0.11484375 0.0671875 0.03671875
0 0.7234375 0.28125 0.16484375 0.11484375
0 0.6953125 0.828125 0.0546875 0.02578125
0 0.7046875 0.77578125 0.0484375 0.02109375
0 0.7453125 0.41640625 0.0421875 0.0296875
0 0.7765625 0.115625 0.05859375 0.02578125
0 0.85625 0.16328125 0.0578125 0.04296875
0 0.8734375 0.603125 0.06875 0.04296875
0 0.8625 0.20078125 0.04609375 0.0234375
0 0.865625 0.5484375 0.02265625 0.02890625
0 0.90703125 0.76015625 0.0625 0.0328125
0 0.8984375 0.1453125 0.0328125 0.021875
0 0.91484375 0.82265625 0.04296875 0.0234375
0 0.934375 0.85390625 0.0515625 0.02578125
0 0.9328125 0.115625 0.01171875 0.0234375
0 0.9640625 0.68046875 0.06953125 0.03515625
0 0.95234375 0.12265625 0.03203125 0.0234375
0 0.95546875 0.36875 0.02265625 0.015625
0 0.98203125 0.1328125 0.034375 0.02109375
0 0.98359375 0.58125 0.02265625 0.0171875