0 0.55625 0.32890625 0.12265625 0.08828125
0 0.24296875 0.3171875 0.3671875 0.3859375
0 0.45234375 0.4203125 0.08359375 0.06484375
0 0.478125 0.16796875 0.03046875 0.05859375
0 0.5484375 0.540625 0.0625 0.059375
0 0.5546875 0.19609375 0.03984375 0.07578125
0 0.6234375 0.57578125 0.0984375 0.07734375
0 0.63125 0.65546875 0.05703125 0.06015625
0 0.6671875 0.28046875 0.06640625 0.04453125
0 0.70078125 0.37734375 0.1125 0.06015625
0 0.8234375 0.45703125 0.04609375 0.053125
0 0.90859375 0.4890625 0.04296875 0.0375
0 0.9203125 0.4515625 0.03984375 0.04296875