0 0.5265625 0.5625 0.9453125 0.871875
0 0.125 0.28984375 0.05078125 0.06953125
0 0.13671875 0.22421875 0.0390625 0.0765625
0 0.2234375 0.16953125 0.1 0.11953125
0 0.28984375 0.1828125 0.1359375 0.0640625
0 0.4 0.17265625 0.109375 0.07109375
0 0.496875 0.11875 0.15625 0.07109375
0 0.56171875 0.10234375 0.1015625 0.06953125
0 0.646875 0.11484375 0.14921875 0.07265625
0 0.66875 0.15390625 0.121875 0.03984375
0 0.71484375 0.1078125 0.0796875 0.0484375
0 0.7328125 0.1359375 0.05859375 0.03671875
0 0.7953125 0.128125 0.0875 0.07265625
0 0.85703125 0.16640625 0.05078125 0.059375
0 0.9078125 0.196875 0.05546875 0.0640625