0 0.10390625 0.02890625 0.2078125 0.0578125
0 0.3546875 0.40078125 0.58125 0.37109375
0 0.4015625 0.7046875 0.17578125 0.1765625
0 0.5296875 0.134375 0.26484375 0.20703125
0 0.52421875 0.69296875 0.1828125 0.16328125
0 0.5359375 0.92265625 0.12890625 0.153125
0 0.6046875 0.6859375 0.21796875 0.20078125
0 0.60546875 0.90703125 0.165625 0.18515625
0 0.64375 0.6890625 0.1703125 0.16953125
0 0.66796875 0.9078125 0.09921875 0.18359375
0 0.7375 0.90078125 0.15078125 0.196875
0 0.83125 0.53046875 0.33671875 0.13046875
0 0.88203125 0.64453125 0.23515625 0.11328125
0 0.853125 0.9453125 0.1015625 0.1078125
0 0.9015625 0.8421875 0.1953125 0.05546875
0 0.91484375 0.93828125 0.16953125 0.0328125