0 0.14453125 0.134375 0.22890625 0.21328125
0 0.20234375 0.44140625 0.0328125 0.0625
0 0.2375 0.859375 0.0546875 0.15859375
0 0.24375 0.5359375 0.0625 0.08671875
0 0.23046875 0.709375 0.01328125 0.03359375
0 0.24921875 0.665625 0.02421875 0.15859375
0 0.31328125 0.234375 0.13828125 0.11484375
0 0.30859375 0.65546875 0.03828125 0.109375
0 0.3578125 0.15703125 0.134375 0.20546875
0 0.45859375 0.278125 0.11796875 0.10625
0 0.45625 0.38203125 0.03984375 0.07578125
0 0.5078125 0.41328125 0.0421875 0.08125
0 0.52421875 0.26328125 0.0375 0.17578125
0 0.61484375 0.31796875 0.115625 0.14375
0 0.63046875 0.96875 0.0703125 0.06015625
0 0.65234375 0.73671875 0.0890625 0.08359375
0 0.675 0.228125 0.128125 0.11015625
0 0.71796875 0.9390625 0.1421875 0.11953125
0 0.7453125 0.89453125 0.1640625 0.20859375
0 0.73125 0.64609375 0.09765625 0.19296875
0 0.7109375 0.521875 0.0546875 0.07578125
0 0.790625 0.93515625 0.13046875 0.12734375
0 0.76640625 0.4953125 0.06015625 0.078125
0 0.8453125 0.80625 0.1328125 0.22265625
0 0.89765625 0.76171875 0.203125 0.28515625
0 0.91484375 0.63828125 0.16953125 0.1390625
0 0.9265625 0.87578125 0.14609375 0.1484375
0 0.92890625 0.9734375 0.14140625 0.0515625