0 0.0078125 0.96484375 0.01484375 0.0484375
0 0.0125 0.41796875 0.02421875 0.0640625
0 0.01484375 0.47734375 0.0296875 0.0546875
0 0.01953125 0.0140625 0.01953125 0.028125
0 0.08359375 0.50234375 0.06171875 0.115625
0 0.08203125 0.29453125 0.04921875 0.1
0 0.10625 0.78828125 0.0609375 0.0953125
0 0.10078125 0.58359375 0.0453125 0.09140625
0 0.1125 0.128125 0.05703125 0.06328125
0 0.12109375 0.20546875 0.0234375 0.07734375
0 0.1453125 0.8796875 0.0625 0.0875
0 0.14140625 0.94609375 0.0453125 0.06796875
0 0.14375 0.009375 0.01875 0.01875
0 0.17734375 0.390625 0.053125 0.0984375
0 0.17890625 0.21640625 0.04921875 0.04140625
0 0.203125 0.82265625 0.0765625 0.08828125
0 0.19921875 0.51875 0.0484375 0.08046875
0 0.19921875 0.025 0.0375 0.05
0 0.215625 0.31953125 0.06953125 0.11484375
0 0.23828125 0.01015625 0.0328125 0.0203125
0 0.278125 0.778125 0.1125 0.08046875
0 0.2828125 0.60546875 0.1125 0.07109375
0 0.309375 0.8578125 0.09453125 0.0859375
0 0.28984375 0.428125 0.0453125 0.09609375
0 0.3421875 0.80078125 0.0953125 0.09296875
0 0.32421875 0.259375 0.05703125 0.121875
0 0.37578125 0.634375 0.16015625 0.08046875
0 0.31953125 0.034375 0.0421875 0.06875
0 0.328125 0.7484375 0.0578125 0.084375
0 0.34296875 0.1796875 0.0515625 0.07734375
0 0.35234375 0.03515625 0.0453125 0.0703125
0 0.35 0.51015625 0.03203125 0.08984375
0 0.4140625 0.12890625 0.04375 0.08984375
0 0.43671875 0.953125 0.0875 0.0921875
0 0.409375 0.1640625 0.03046875 0.06015625
0 0.4515625 0.41953125 0.0703125 0.08515625
0 0.4359375 0.7078125 0.01796875 0.034375
0 0.4484375 0.01796875 0.02421875 0.0359375
0 0.45859375 0.1515625 0.0375 0.07890625
0 0.46015625 0.50078125 0.03984375 0.0875
0 0.48359375 0.46640625 0.0359375 0.07890625
0 0.5046875 0.04375 0.05703125 0.0875
0 0.49609375 0.30078125 0.01640625 0.08046875
0 0.5125 0.1390625 0.04140625 0.0875
0 0.52421875 0.428125 0.04921875 0.084375
0 0.52734375 0.3 0.01171875 0.05859375
0 0.5625 0.20859375 0.0703125 0.11328125
0 0.54453125 0.3703125 0.02578125 0.034375
0 0.55078125 0.0953125 0.03515625 0.07109375
0 0.56484375 0.9421875 0.03984375 0.0859375
0 0.58125 0.43671875 0.05546875 0.084375
0 0.5859375 0.31328125 0.03984375 0.08359375
0 0.61171875 0.86328125 0.0796875 0.07578125
0 0.5984375 0.421875 0.03359375 0.0921875
0 0.60390625 0.921875 0.04453125 0.1
0 0.6203125 0.634375 0.07734375 0.09296875
0 0.6171875 0.17265625 0.0390625 0.07734375
0 0.64453125 0.09765625 0.09453125 0.1015625
0 0.628125 0.0328125 0.0578125 0.06484375
0 0.6671875 0.8484375 0.0515625 0.06015625
0 0.6734375 0.48671875 0.0453125 0.08828125
0 0.6765625 0.1484375 0.04921875 0.07109375
0 0.70078125 0.9140625 0.0984375 0.1015625
0 0.6890625 0.33671875 0.05390625 0.090625
0 0.7 0.7984375 0.059375 0.09140625
0 0.721875 0.7765625 0.07734375 0.103125
0 0.7328125 0.46171875 0.0859375 0.08671875
0 0.740625 0.27578125 0.08125 0.1
0 0.7390625 0.52890625 0.05078125 0.06953125
0 0.734375 0.72734375 0.03046875 0.059375
0 0.78359375 0.80859375 0.10859375 0.109375
0 0.7734375 0.87578125 0.03515625 0.0953125
0 0.775 0.23515625 0.028125 0.09453125
0 0.796875 0.95078125 0.05078125 0.09296875
0 0.80546875 0.71953125 0.0625 0.07421875
0 0.83046875 0.34765625 0.09296875 0.0890625
0 0.8265625 0.88359375 0.0796875 0.0890625
0 0.846875 0.80078125 0.059375 0.096875
0 0.87734375 0.72421875 0.0578125 0.0984375
0 0.91015625 0.6140625 0.0828125 0.0703125
0 0.91640625 0.16015625 0.08125 0.07890625
0 0.95 0.92421875 0.09921875 0.1046875
0 0.93125 0.05859375 0.0484375 0.07265625
0 0.9640625 0.04375 0.04765625 0.0875
0 0.98203125 0.01953125 0.03515625 0.0390625
0 0.9828125 0.67265625 0.03359375 0.0671875
0 0.9828125 0.23046875 0.0328125 0.0546875