0 0.4109375 0.709375 0.13828125 0.11640625
0 0.21640625 0.38984375 0.4328125 0.7796875
0 0.10078125 0.93671875 0.11796875 0.08515625
0 0.19765625 0.975 0.0390625 0.046875
0 0.27421875 0.97109375 0.03671875 0.05390625
0 0.41796875 0.8125 0.05 0.125
0 0.48046875 0.5140625 0.0859375 0.09375
0 0.54921875 0.64375 0.0421875 0.065625
0 0.55703125 0.490625 0.05859375 0.24453125
0 0.7609375 0.4828125 0.04609375 0.0453125
0 0.8609375 0.190625 0.1375 0.08359375
0 0.88203125 0.2296875 0.1234375 0.078125
0 0.91484375 0.340625 0.1109375 0.065625
0 0.93203125 0.2875 0.096875 0.04375
0 0.9671875 0.23125 0.0515625 0.0796875
0 0.9765625 0.4984375 0.04453125 0.16328125