0 0.10859375 0.44375 0.0453125 0.02578125
0 0.153125 0.459375 0.046875 0.0375
0 0.165625 0.190625 0.01953125 0.015625
0 0.184375 0.23046875 0.03125 0.0171875
0 0.1765625 0.17890625 0.0109375 0.0171875
0 0.19453125 0.48828125 0.046875 0.0328125
0 0.20859375 0.5921875 0.04375 0.02421875
0 0.2 0.7796875 0.015625 0.03515625
0 0.23125 0.41796875 0.0546875 0.03203125
0 0.2609375 0.440625 0.01953125 0.04140625
0 0.3 0.47578125 0.0640625 0.046875
0 0.29375 0.340625 0.04453125 0.02578125
0 0.3 0.52734375 0.03984375 0.02734375
0 0.3140625 0.87265625 0.0453125 0.05703125
0 0.31328125 0.79609375 0.02578125 0.02890625
0 0.3421875 0.5203125 0.04140625 0.03203125
0 0.359375 0.41484375 0.0609375 0.02421875
0 0.3453125 0.43203125 0.0265625 0.0171875
0 0.3671875 0.49296875 0.0484375 0.021875
0 0.403125 0.27265625 0.05234375 0.02734375
0 0.4109375 0.31640625 0.03515625 0.0484375
0 0.409375 0.4359375 0.01953125 0.01953125
0 0.4671875 0.6046875 0.04921875 0.05
0 0.465625 0.30234375 0.0421875 0.01953125
0 0.4734375 0.525 0.0515625 0.03828125
0 0.46015625 0.796875 0.01953125 0.03046875
0 0.48671875 0.3703125 0.059375 0.0453125
0 0.47265625 0.69375 0.021875 0.065625
0 0.49765625 0.46953125 0.03515625 0.0296875
0 0.53046875 0.14609375 0.0546875 0.0140625
0 0.54609375 0.2578125 0.0328125 0.02734375
0 0.575 0.509375 0.0203125 0.03046875
0 0.6 0.7828125 0.0390625 0.02890625
0 0.6046875 0.8765625 0.0375 0.03046875
0 0.61484375 0.76328125 0.01796875 0.02421875
0 0.61875 0.7921875 0.02421875 0.02109375
0 0.64453125 0.42734375 0.0359375 0.03046875
0 0.72578125 0.53828125 0.0171875 0.0125
0 0.7625 0.4984375 0.0265625 0.02265625
0 0.76484375 0.43125 0.0296875 0.02578125
0 0.78125 0.2515625 0.021875 0.0140625
0 0.7859375 0.22734375 0.02734375 0.02109375
0 0.78984375 0.3375 0.02421875 0.0203125
0 0.79375 0.278125 0.0140625 0.02890625
0 0.815625 0.50859375 0.0546875 0.0421875
0 0.81328125 0.19375 0.0203125 0.0609375
0 0.81640625 0.44609375 0.02421875 0.01640625
0 0.81640625 0.57734375 0.021875 0.06015625
0 0.8265625 0.41015625 0.03515625 0.02890625
0 0.825 0.47265625 0.0234375 0.02578125
0 0.8390625 0.26875 0.0390625 0.0375
0 0.84921875 0.45625 0.03125 0.0375
0 0.85234375 0.33671875 0.02578125 0.01171875
0 0.853125 0.50078125 0.02578125 0.0328125
0 0.87734375 0.3625 0.05546875 0.03984375
0 0.878125 0.31015625 0.02578125 0.03515625
0 0.88125 0.5484375 0.01953125 0.02578125