0 0.04375 0.45390625 0.021875 0.01796875
0 0.1640625 0.49375 0.0515625 0.02734375
0 0.171875 0.52421875 0.0390625 0.02734375
0 0.184375 0.4296875 0.04140625 0.02265625
0 0.1859375 0.4734375 0.04140625 0.02421875
0 0.21015625 0.58828125 0.0296875 0.03359375
0 0.25390625 0.6640625 0.03671875 0.05625
0 0.25625 0.52734375 0.01171875 0.01015625
0 0.33203125 0.4578125 0.03671875 0.021875
0 0.35625 0.521875 0.0171875 0.01484375
0 0.36796875 0.42265625 0.0375 0.02578125
0 0.36875 0.39921875 0.0203125 0.01484375
0 0.403125 0.8125 0.08359375 0.07421875
0 0.4578125 0.44296875 0.021875 0.01875
0 0.4640625 0.4171875 0.02421875 0.02578125
0 0.4984375 0.5 0.02578125 0.01796875
0 0.5359375 0.42734375 0.0265625 0.0171875
0 0.55546875 0.475 0.0265625 0.0203125
0 0.55078125 0.44921875 0.01484375 0.0234375
0 0.5875 0.45546875 0.0234375 0.021875
0 0.65703125 0.4734375 0.028125 0.0203125
0 0.684375 0.46484375 0.0234375 0.01875
0 0.728125 0.47421875 0.01875 0.0109375
0 0.7515625 0.53984375 0.0390625 0.03515625
0 0.790625 0.4984375 0.0171875 0.01796875
0 0.796875 0.55234375 0.02578125 0.04921875
0 0.8046875 0.50546875 0.01015625 0.0109375
0 0.815625 0.540625 0.015625 0.02890625
0 0.9 0.5359375 0.02421875 0.03515625
0 0.934375 0.4859375 0.0234375 0.03515625
0 0.96015625 0.51796875 0.02421875 0.02265625