0 0.55 0.49453125 0.35078125 0.58515625
0 0.05 0.46328125 0.09921875 0.07265625
0 0.1234375 0.753125 0.07265625 0.03984375
0 0.1859375 0.865625 0.06015625 0.015625
0 0.225 0.63359375 0.10234375 0.0625
0 0.22421875 0.98515625 0.0515625 0.028125
0 0.25625 0.6484375 0.084375 0.03359375
0 0.30390625 0.94375 0.0375 0.02109375
0 0.36171875 0.94765625 0.134375 0.0390625
0 0.39609375 0.4953125 0.10390625 0.03984375
0 0.36796875 0.834375 0.03984375 0.0328125
0 0.415625 0.88046875 0.02890625 0.01796875
0 0.425 0.76328125 0.046875 0.0375
0 0.4421875 0.8140625 0.0265625 0.02890625
0 0.4953125 0.8234375 0.025 0.015625
0 0.68671875 0.54765625 0.134375 0.096875
0 0.66171875 0.85078125 0.0609375 0.02734375
0 0.67890625 0.76328125 0.0421875 0.0171875
0 0.74765625 0.959375 0.05625 0.03828125
0 0.7703125 0.81875 0.0609375 0.0328125
0 0.82578125 0.546875 0.1640625 0.07734375
0 0.7859375 0.73984375 0.07265625 0.04609375
0 0.81484375 0.66015625 0.0984375 0.0359375
0 0.8015625 0.79375 0.0296875 0.02734375
0 0.875 0.6359375 0.06953125 0.05390625
0 0.92421875 0.59921875 0.0609375 0.01328125