0 0.08515625 0.43359375 0.0578125 0.07265625
0 0.2078125 0.9328125 0.06875 0.0296875
0 0.19140625 0.43359375 0.0328125 0.0625
0 0.2328125 0.0234375 0.03203125 0.046875
0 0.275 0.47421875 0.090625 0.09453125
0 0.275 0.61015625 0.0296875 0.09453125
0 0.334375 0.92109375 0.11875 0.059375
0 0.3359375 0.665625 0.0703125 0.12265625
0 0.36953125 0.35625 0.03203125 0.0625
0 0.4453125 0.74296875 0.06171875 0.15703125
0 0.4390625 0.38671875 0.0421875 0.1046875
0 0.4390625 0.121875 0.03359375 0.0859375
0 0.475 0.8921875 0.07265625 0.12109375
0 0.5203125 0.35703125 0.0640625 0.12578125
0 0.57734375 0.86171875 0.13203125 0.12265625
0 0.578125 0.62578125 0.0640625 0.08515625
0 0.56875 0.4703125 0.0328125 0.096875
0 0.5984375 0.4609375 0.065625 0.15703125
0 0.65078125 0.4546875 0.07734375 0.13046875
0 0.66015625 0.57421875 0.0921875 0.10859375
0 0.64375 0.32890625 0.053125 0.07890625
0 0.6828125 0.8015625 0.0828125 0.07734375
0 0.684375 0.0328125 0.0359375 0.06484375
0 0.70859375 0.59765625 0.0515625 0.0515625
0 0.7328125 0.46796875 0.0453125 0.08671875
0 0.75 0.6078125 0.0359375 0.0375
0 0.7765625 0.73515625 0.07578125 0.165625
0 0.8125 0.6890625 0.0703125 0.17265625
0 0.81171875 0.43046875 0.0609375 0.06953125
0 0.815625 0.83359375 0.05546875 0.0484375
0 0.8234375 0.06640625 0.05 0.1328125
0 0.82265625 0.51171875 0.04375 0.0875
0 0.8515625 0.55625 0.04140625 0.065625
0 0.88984375 0.57890625 0.0515625 0.1171875
0 0.89609375 0.65703125 0.0515625 0.0359375
0 0.95234375 0.88359375 0.09453125 0.07890625
0 0.93359375 0.4609375 0.0359375 0.034375
0 0.9453125 0.42734375 0.0546875 0.07578125