0 0.7296875 0.54453125 0.10859375 0.19765625
0 0.01796875 0.27109375 0.0359375 0.04453125
0 0.10078125 0.7609375 0.12578125 0.08984375
0 0.0734375 0.12734375 0.0578125 0.08203125
0 0.0734375 0.025 0.0265625 0.01953125
0 0.1890625 0.1390625 0.04765625 0.02578125
0 0.31015625 0.15703125 0.0265625 0.08203125
0 0.4171875 0.1 0.0234375 0.0234375
0 0.465625 0.03046875 0.05078125 0.040625
0 0.49765625 0.85078125 0.05390625 0.2125
0 0.490625 0.01796875 0.03125 0.0359375
0 0.50546875 0.16328125 0.01640625 0.05078125
0 0.5484375 0.021875 0.01875 0.01015625
0 0.6 0.00546875 0.015625 0.01015625
0 0.70390625 0.92265625 0.16953125 0.15234375
0 0.68515625 0.696875 0.05 0.11484375
0 0.6890625 0.29296875 0.0578125 0.11484375
0 0.7046875 0.0765625 0.0890625 0.15234375
0 0.78828125 0.2640625 0.0734375 0.13125
0 0.85546875 0.00859375 0.04296875 0.0140625
0 0.86875 0.10546875 0.034375 0.02578125
0 0.8828125 0.60625 0.04921875 0.1390625
0 0.89375 0.18359375 0.01640625 0.0390625
0 0.9078125 0.046875 0.0390625 0.0234375
0 0.90703125 0.4046875 0.03046875 0.02109375
0 0.95234375 0.309375 0.0359375 0.040625
0 0.9703125 0.3890625 0.0578125 0.09140625
0 0.9734375 0.08828125 0.05 0.1765625