0 0.0796875 0.20546875 0.0390625 0.01953125
0 0.13515625 0.4046875 0.0515625 0.034375
0 0.146875 0.28125 0.040625 0.05078125
0 0.171875 0.46796875 0.0234375 0.03828125
0 0.19921875 0.13515625 0.0375 0.01484375
0 0.203125 0.6328125 0.01953125 0.015625
0 0.21484375 0.41640625 0.021875 0.01640625
0 0.2328125 0.14921875 0.0484375 0.046875
0 0.24375 0.23203125 0.05390625 0.04296875
0 0.25078125 0.3546875 0.03515625 0.02109375
0 0.259375 0.21015625 0.0484375 0.0515625
0 0.2828125 0.0703125 0.02890625 0.03046875
0 0.27734375 0.3734375 0.015625 0.0515625
0 0.3015625 0.22265625 0.0296875 0.02578125
0 0.33125 0.65859375 0.02578125 0.02578125
0 0.34609375 0.43515625 0.0515625 0.05
0 0.35 0.05703125 0.0328125 0.01015625
0 0.42265625 0.1234375 0.0375 0.034375
0 0.45078125 0.01171875 0.0265625 0.0234375
0 0.49375 0.2578125 0.025 0.02734375
0 0.50625 0.37890625 0.0234375 0.02109375
0 0.50703125 0.453125 0.01328125 0.03046875
0 0.5140625 0.24140625 0.0265625 0.02109375
0 0.5484375 0.1171875 0.0203125 0.02109375
0 0.5546875 0.44296875 0.0234375 0.03359375
0 0.61796875 0.12265625 0.01953125 0.01953125
0 0.63515625 0.13984375 0.01796875 0.02734375
0 0.6421875 0.4328125 0.03203125 0.0515625
0 0.66484375 0.328125 0.015625 0.0359375
0 0.684375 0.3375 0.02421875 0.06171875
0 0.6859375 0.5078125 0.0171875 0.0171875
0 0.69375 0.22265625 0.0203125 0.02578125
0 0.7375 0.46171875 0.0265625 0.02578125
0 0.74609375 0.43671875 0.04375 0.02109375
0 0.75625 0.33359375 0.0296875 0.053125
0 0.78515625 0.359375 0.03359375 0.046875
0 0.871875 0.37421875 0.0296875 0.07109375
0 0.9125 0.10078125 0.02578125 0.01953125