0 0.68828125 0.4203125 0.2046875 0.109375
0 0.05234375 0.553125 0.03515625 0.05078125
0 0.05625 0.58515625 0.02734375 0.0328125
0 0.11875 0.60703125 0.0703125 0.06484375
0 0.1265625 0.665625 0.0234375 0.02578125
0 0.21171875 0.2734375 0.05234375 0.015625
0 0.21953125 0.66015625 0.03671875 0.03671875
0 0.2453125 0.609375 0.04140625 0.03125
0 0.28515625 0.6859375 0.0703125 0.04453125
0 0.33515625 0.66953125 0.10390625 0.05234375
0 0.4609375 0.45703125 0.109375 0.04140625
0 0.4859375 0.35 0.10546875 0.06796875
0 0.49375 0.403125 0.08984375 0.05625
0 0.48515625 0.259375 0.02578125 0.01171875
0 0.5421875 0.24375 0.0296875 0.01796875
0 0.54296875 0.53828125 0.015625 0.05078125
0 0.59453125 0.684375 0.04921875 0.05078125
0 0.628125 0.22890625 0.053125 0.01328125
0 0.83046875 0.4515625 0.13671875 0.05859375
0 0.82109375 0.6390625 0.07265625 0.01015625
0 0.903125 0.2828125 0.1578125 0.06640625