0 0.715625 0.72265625 0.13671875 0.25390625
0 0.05078125 0.128125 0.1015625 0.19375
0 0.053125 0.33828125 0.10625 0.2046875
0 0.1375 0.22109375 0.11953125 0.2109375
0 0.23984375 0.28359375 0.0515625 0.1296875
0 0.30703125 0.27421875 0.0828125 0.1171875
0 0.33125 0.3078125 0.0671875 0.153125
0 0.34765625 0.8625 0.0953125 0.27265625
0 0.35390625 0.23125 0.06015625 0.128125
0 0.39375 0.48828125 0.0984375 0.16015625
0 0.42578125 0.24375 0.046875 0.11875
0 0.43984375 0.44765625 0.0640625 0.24453125
0 0.465625 0.2234375 0.059375 0.125
0 0.48125 0.50625 0.0734375 0.1375
0 0.509375 0.11953125 0.0703125 0.1359375
0 0.50703125 0.49609375 0.05625 0.1578125
0 0.54140625 0.42578125 0.05546875 0.1359375
0 0.54609375 0.0234375 0.025 0.046875
0 0.5734375 0.140625 0.07890625 0.13984375
0 0.5859375 0.9484375 0.08515625 0.10078125
0 0.615625 0.50625 0.0890625 0.26171875
0 0.61875 0.63828125 0.040625 0.1078125
0 0.6171875 0.0203125 0.0328125 0.03984375
0 0.74296875 0.52109375 0.07265625 0.1421875
0 0.78125 0.91171875 0.1140625 0.17421875
0 0.7765625 0.04296875 0.07734375 0.0859375
0 0.753125 0.275 0.0234375 0.11875
0 0.7828125 0.20078125 0.05625 0.14609375
0 0.834375 0.41015625 0.115625 0.1171875
0 0.89609375 0.95078125 0.16015625 0.09765625
0 0.86484375 0.2765625 0.0734375 0.115625
0 0.88046875 0.51875 0.0921875 0.1375
0 0.97421875 0.21875 0.03828125 0.1
0 0.9875 0.19296875 0.02421875 0.07578125