0 0.03359375 0.5390625 0.0671875 0.034375
0 0.18203125 0.603125 0.0953125 0.0421875
0 0.1609375 0.525 0.0515625 0.02421875
0 0.18828125 0.509375 0.07734375 0.03515625
0 0.20625 0.6 0.0953125 0.04921875
0 0.234375 0.540625 0.02578125 0.02734375
0 0.265625 0.5859375 0.065625 0.021875
0 0.26796875 0.5125 0.0703125 0.02890625
0 0.271875 0.63203125 0.0296875 0.040625
0 0.32421875 0.50859375 0.0546875 0.01796875
0 0.425 0.55078125 0.078125 0.0453125
0 0.4328125 0.51015625 0.0609375 0.02734375
0 0.503125 0.6421875 0.07734375 0.04140625
0 0.54140625 0.58984375 0.0421875 0.02890625
0 0.559375 0.54765625 0.0578125 0.02109375
0 0.578125 0.55703125 0.0828125 0.0328125
0 0.58671875 0.59921875 0.053125 0.065625
0 0.63359375 0.59609375 0.0390625 0.0375
0 0.65625 0.55859375 0.05546875 0.02578125
0 0.71171875 0.625 0.0734375 0.040625
0 0.78203125 0.5453125 0.0875 0.0421875
0 0.7828125 0.528125 0.07890625 0.02421875
0 0.8140625 0.5125 0.0734375 0.02578125
0 0.8265625 0.58359375 0.08203125 0.03046875
0 0.83828125 0.5703125 0.06640625 0.0171875
0 0.8609375 0.55234375 0.04140625 0.053125
0 0.95703125 0.5234375 0.0609375 0.02109375
0 0.98125 0.5375 0.0359375 0.0203125
0 0.9859375 0.5515625 0.0265625 0.0328125