0 0.82734375 0.45 0.14296875 0.221875
0 0.24453125 0.1859375 0.08359375 0.1484375
0 0.27734375 0.1109375 0.0671875 0.16328125
0 0.309375 0.04375 0.06953125 0.0875
0 0.359375 0.15703125 0.1 0.13515625
0 0.3859375 0.2796875 0.08828125 0.0953125
0 0.4296875 0.4140625 0.11875 0.21484375
0 0.42890625 0.24140625 0.0703125 0.09140625
0 0.50703125 0.359375 0.1734375 0.17578125
0 0.5109375 0.28984375 0.05703125 0.09140625
0 0.6265625 0.703125 0.1078125 0.16015625
0 0.65390625 0.9109375 0.13828125 0.17578125
0 0.7140625 0.4390625 0.2 0.2515625
0 0.7328125 0.58046875 0.1578125 0.24765625
0 0.75 0.86171875 0.15234375 0.25703125
0 0.7796875 0.80390625 0.16328125 0.21640625
0 0.9578125 0.81640625 0.0828125 0.1109375
0 0.96015625 0.9640625 0.07890625 0.07109375