0 0.54765625 0.52109375 0.7390625 0.38515625
0 0.1921875 0.2875 0.134375 0.06171875
0 0.215625 0.38984375 0.109375 0.06015625
0 0.37421875 0.11640625 0.1109375 0.0640625
0 0.38984375 0.725 0.06171875 0.06484375
0 0.390625 0.9265625 0.0578125 0.0546875
0 0.4296875 0.88515625 0.0203125 0.05859375
0 0.46796875 0.96171875 0.0453125 0.03984375
0 0.6671875 0.8109375 0.09296875 0.0515625
0 0.6875 0.9796875 0.0203125 0.03828125
0 0.715625 0.965625 0.03515625 0.05859375
0 0.875 0.090625 0.24921875 0.10703125
0 0.8375 0.99375 0.05078125 0.0109375
0 0.90625 0.55078125 0.03125 0.0484375
0 0.94765625 0.67421875 0.0671875 0.03671875
0 0.97890625 0.89765625 0.04140625 0.0359375