0 0.01484375 0.3609375 0.0140625 0.02421875
0 0.05234375 0.01796875 0.03359375 0.01015625
0 0.05859375 0.55703125 0.03203125 0.02109375
0 0.0703125 0.25390625 0.0328125 0.0125
0 0.1015625 0.92734375 0.06953125 0.015625
0 0.146875 0.5953125 0.04609375 0.01796875
0 0.1515625 0.41171875 0.05234375 0.0171875
0 0.14375 0.7328125 0.02421875 0.02109375
0 0.165625 0.75234375 0.0328125 0.02734375
0 0.17890625 0.309375 0.03515625 0.0375
0 0.1828125 0.79296875 0.03125 0.0171875
0 0.2015625 0.40234375 0.0390625 0.0171875
0 0.209375 0.171875 0.02578125 0.0125
0 0.2203125 0.56953125 0.04765625 0.01640625
0 0.21328125 0.26953125 0.0296875 0.0125
0 0.23125 0.465625 0.059375 0.0140625
0 0.259375 0.35234375 0.02578125 0.03515625
0 0.2734375 0.55546875 0.01796875 0.02890625
0 0.2953125 0.5328125 0.0296875 0.02421875
0 0.3140625 0.42265625 0.05 0.03203125
0 0.315625 0.6421875 0.0375 0.0125
0 0.33828125 0.7515625 0.04609375 0.0515625
0 0.3421875 0.70859375 0.0390625 0.01328125
0 0.3765625 0.18515625 0.04140625 0.02109375
0 0.39296875 0.440625 0.0296875 0.015625
0 0.390625 0.36171875 0.0140625 0.02890625
0 0.4015625 0.18359375 0.01953125 0.03828125
0 0.40390625 0.58203125 0.0234375 0.034375
0 0.4359375 0.12734375 0.03125 0.02578125
0 0.4484375 0.02578125 0.034375 0.01171875
0 0.45390625 0.49296875 0.02734375 0.0140625
0 0.48046875 0.87890625 0.05703125 0.02734375
0 0.503125 0.10859375 0.02578125 0.015625
0 0.509375 0.021875 0.01796875 0.01015625
0 0.51640625 0.9640625 0.01796875 0.021875
0 0.540625 0.59765625 0.0484375 0.03984375
0 0.540625 0.03515625 0.0390625 0.0109375
0 0.54375 0.7953125 0.0390625 0.01953125
0 0.54375 0.71484375 0.01328125 0.0484375
0 0.5765625 0.74765625 0.05546875 0.034375
0 0.58359375 0.66640625 0.02578125 0.015625
0 0.6203125 0.6703125 0.0484375 0.02421875
0 0.62109375 0.8859375 0.01796875 0.0515625
0 0.62890625 0.3859375 0.02578125 0.0140625
0 0.6390625 0.92734375 0.02578125 0.034375
0 0.6421875 0.45234375 0.01953125 0.03046875
0 0.65390625 0.5890625 0.04296875 0.0125
0 0.6640625 0.4109375 0.04609375 0.01953125
0 0.6578125 0.2921875 0.0265625 0.03046875
0 0.69296875 0.57109375 0.0484375 0.015625
0 0.69375 0.78359375 0.0265625 0.03359375
0 0.71640625 0.92109375 0.06953125 0.0359375
0 0.7078125 0.23203125 0.04140625 0.00859375
0 0.73359375 0.79921875 0.0328125 0.02421875
0 0.740625 0.246875 0.015625 0.0359375
0 0.753125 0.8171875 0.0265625 0.02421875
0 0.76875 0.2421875 0.0375 0.01015625
0 0.76796875 0.47890625 0.021875 0.01953125
0 0.79296875 0.065625 0.0203125 0.02578125
0 0.82265625 0.9828125 0.0515625 0.015625
0 0.828125 0.596875 0.0609375 0.07734375
0 0.815625 0.140625 0.0203125 0.0140625
0 0.8484375 0.7796875 0.0390625 0.0328125
0 0.84296875 0.4 0.0171875 0.01640625
0 0.878125 0.84140625 0.02890625 0.034375
0 0.89375 0.63515625 0.04140625 0.02265625
0 0.8953125 0.51171875 0.03984375 0.0140625
0 0.91640625 0.11875 0.00625 0.02578125
0 0.92734375 0.3390625 0.0234375 0.0140625
0 0.93515625 0.65546875 0.0359375 0.021875
0 0.9875 0.06953125 0.0234375 0.0171875
0 0.98984375 0.9578125 0.01953125 0.02421875