0 0.4953125 0.49140625 0.228125 0.22734375
0 0.03515625 0.40234375 0.0703125 0.10234375
0 0.10078125 0.11328125 0.18203125 0.1078125
0 0.071875 0.62890625 0.096875 0.04375
0 0.20546875 0.5765625 0.10390625 0.04609375
0 0.2140625 0.39609375 0.01484375 0.021875
0 0.28984375 0.68671875 0.10625 0.0671875
0 0.284375 0.60390625 0.0359375 0.05234375
0 0.50078125 0.23203125 0.0921875 0.053125
0 0.55859375 0.64765625 0.040625 0.0296875
0 0.6578125 0.62734375 0.034375 0.04765625
0 0.696875 0.65234375 0.10234375 0.08984375
0 0.6921875 0.77734375 0.0390625 0.0625
0 0.70859375 0.328125 0.03046875 0.05
0 0.84296875 0.5703125 0.1046875 0.12734375
0 0.9328125 0.12109375 0.0109375 0.025
0 0.9671875 0.053125 0.01796875 0.053125