0 0.73046875 0.8109375 0.39765625 0.08515625
0 0.509375 0.22109375 0.853125 0.11953125
0 0.31171875 0.65546875 0.41015625 0.0875
0 0.3671875 0.459375 0.48515625 0.08359375
0 0.37890625 0.32421875 0.509375 0.0765625
0 0.23203125 0.128125 0.2109375 0.04921875
0 0.3453125 0.59296875 0.4375 0.07890625
0 0.315625 0.396875 0.365625 0.06875
0 0.221875 0.8375 0.1671875 0.0375
0 0.38515625 0.76328125 0.415625 0.09765625
0 0.3859375 0.8375 0.1203125 0.0203125
0 0.475 0.11171875 0.26875 0.0546875
0 0.70390625 0.396875 0.44453125 0.109375
0 0.72421875 0.51484375 0.4328125 0.13671875
0 0.72265625 0.62734375 0.40625 0.06484375
0 0.7484375 0.7 0.334375 0.06328125
0 0.76875 0.11484375 0.28046875 0.0375
0 0.79375 0.29453125 0.3078125 0.02734375