0 0.00859375 0.64765625 0.0171875 0.02578125
0 0.01015625 0.75546875 0.0203125 0.02265625
0 0.015625 0.59296875 0.03125 0.0328125
0 0.0171875 0.69453125 0.034375 0.0546875
0 0.02890625 0.79609375 0.0578125 0.02890625
0 0.040625 0.55390625 0.0640625 0.05859375
0 0.02734375 0.96015625 0.0328125 0.06640625
0 0.0515625 0.9765625 0.07734375 0.0171875
0 0.03984375 0.615625 0.0359375 0.05703125
0 0.0484375 0.68828125 0.05234375 0.05390625
0 0.07109375 0.5234375 0.04765625 0.0484375
0 0.078125 0.49765625 0.04296875 0.07265625
0 0.096875 0.6015625 0.04921875 0.04296875
0 0.10625 0.4640625 0.0640625 0.053125
0 0.103125 0.596875 0.053125 0.08203125
0 0.1015625 0.721875 0.046875 0.0453125
0 0.11484375 0.69453125 0.0515625 0.07734375
0 0.1125 0.59140625 0.0453125 0.06328125
0 0.115625 0.715625 0.0484375 0.0578125
0 0.1265625 0.57109375 0.0453125 0.053125
0 0.1328125 0.984375 0.0375 0.0296875
0 0.15 0.8828125 0.05546875 0.05703125
0 0.14453125 0.775 0.04140625 0.04140625
0 0.1625 0.5046875 0.05703125 0.07890625
0 0.196875 0.7109375 0.0515625 0.0484375
0 0.2015625 0.86875 0.0484375 0.07421875
0 0.20703125 0.94140625 0.0421875 0.0640625
0 0.2109375 0.86015625 0.04375 0.07109375
0 0.2046875 0.9765625 0.0125 0.0453125
0 0.22265625 0.3890625 0.0421875 0.07578125
0 0.23203125 0.8 0.059375 0.046875
0 0.2328125 0.66796875 0.034375 0.0484375
0 0.2359375 0.640625 0.0359375 0.0484375
0 0.2515625 0.55546875 0.0671875 0.08046875
0 0.24921875 0.5890625 0.0515625 0.040625
0 0.2578125 0.471875 0.059375 0.04140625
0 0.2484375 0.890625 0.0390625 0.0625
0 0.25 0.61171875 0.01328125 0.04609375
0 0.25859375 0.659375 0.0296875 0.0515625
0 0.26875 0.70234375 0.0296875 0.0484375
0 0.27734375 0.7453125 0.028125 0.03046875
0 0.2734375 0.9890625 0.0078125 0.02109375
0 0.284375 0.9078125 0.0296875 0.0796875
0 0.29140625 0.85859375 0.0390625 0.06328125
0 0.2859375 0.68203125 0.02421875 0.07578125
0 0.29765625 0.56953125 0.04765625 0.06328125
0 0.28359375 0.98046875 0.0125 0.03671875
0 0.31015625 0.79453125 0.0578125 0.0671875
0 0.309375 0.8640625 0.0546875 0.0546875
0 0.30625 0.6671875 0.0453125 0.05703125
0 0.3171875 0.77109375 0.04375 0.0375
0 0.3203125 0.890625 0.0421875 0.0859375
0 0.33203125 0.7671875 0.05078125 0.0609375
0 0.31171875 0.78984375 0.0015625 0.07421875
0 0.321875 0.99140625 0.00625 0.015625
0 0.34296875 0.7203125 0.0484375 0.0328125
0 0.34609375 0.4421875 0.0546875 0.08671875
0 0.35390625 0.60625 0.06796875 0.1171875
0 0.36875 0.66484375 0.053125 0.0546875
0 0.3703125 0.546875 0.0546875 0.06328125
0 0.35625 0.31484375 0.0234375 0.05859375
0 0.36484375 0.8359375 0.04140625 0.07421875
0 0.36796875 0.35859375 0.046875 0.06171875
0 0.37421875 0.80234375 0.059375 0.08359375
0 0.37578125 0.4890625 0.04609375 0.034375
0 0.36171875 0.978125 0.0109375 0.04140625
0 0.38515625 0.54609375 0.0578125 0.05859375
0 0.36953125 0.15390625 0.01953125 0.1359375
0 0.409375 0.43046875 0.04921875 0.0828125
0 0.4171875 0.67890625 0.03125 0.02734375
0 0.421875 0.8015625 0.0390625 0.06640625
0 0.4390625 0.63203125 0.06875 0.02421875
0 0.428125 0.67421875 0.04453125 0.10859375
0 0.42734375 0.95234375 0.0359375 0.07890625
0 0.42265625 0.3578125 0.021875 0.07265625
0 0.43203125 0.18828125 0.03515625 0.07265625
0 0.43671875 0.434375 0.0453125 0.0484375
0 0.43984375 0.06875 0.04609375 0.134375
0 0.44921875 0.5578125 0.04921875 0.07578125
0 0.45 0.41328125 0.0375 0.08671875
0 0.45 0.36328125 0.0234375 0.06171875
0 0.4578125 0.69140625 0.03515625 0.084375
0 0.459375 0.28203125 0.0390625 0.07578125
0 0.4609375 0.1484375 0.03125 0.0546875
0 0.4625 0.20703125 0.03515625 0.07421875
0 0.47421875 0.22265625 0.0578125 0.0609375
0 0.465625 0.053125 0.0296875 0.09296875
0 0.475 0.6984375 0.0484375 0.07890625
0 0.46875 0.9265625 0.0296875 0.07265625
0 0.4890625 0.68671875 0.03359375 0.05546875
0 0.5078125 0.79453125 0.0609375 0.07734375
0 0.51015625 0.5296875 0.0625 0.096875
0 0.496875 0.153125 0.03125 0.07890625
0 0.4921875 0.18359375 0.0140625 0.08828125
0 0.51484375 0.64296875 0.0390625 0.05703125
0 0.50859375 0.30078125 0.0203125 0.0875
0 0.546875 0.80078125 0.053125 0.06171875
0 0.5390625 0.1046875 0.01171875 0.11328125
0 0.54921875 0.821875 0.01953125 0.0328125
0 0.5703125 0.571875 0.0515625 0.103125
0 0.565625 0.26875 0.03203125 0.0890625
0 0.56796875 0.89453125 0.03125 0.0671875
0 0.575 0.75546875 0.0375 0.05859375
0 0.56171875 0.02890625 0.0109375 0.0578125
0 0.571875 0.903125 0.0265625 0.08046875
0 0.6 0.70390625 0.0546875 0.06171875
0 0.6109375 0.34453125 0.0453125 0.07578125
0 0.61328125 0.81953125 0.04609375 0.0625
0 0.62109375 0.24609375 0.0421875 0.0921875
0 0.6234375 0.44296875 0.0328125 0.0703125
0 0.6359375 0.91328125 0.03359375 0.06953125
0 0.6390625 0.97578125 0.0359375 0.046875
0 0.6375 0.11640625 0.01796875 0.103125
0 0.659375 0.67421875 0.06171875 0.06328125
0 0.665625 0.5671875 0.0453125 0.06640625
0 0.68125 0.546875 0.0703125 0.06640625
0 0.66484375 0.8109375 0.02578125 0.05859375
0 0.66640625 0.30390625 0.02890625 0.0875
0 0.68671875 0.44921875 0.0546875 0.0546875
0 0.684375 0.3640625 0.04375 0.09140625
0 0.6734375 0.88203125 0.00625 0.075
0 0.70078125 0.87421875 0.046875 0.06953125
0 0.72265625 0.63515625 0.07890625 0.06953125
0 0.71171875 0.23359375 0.05 0.07578125
0 0.72578125 0.3609375 0.07265625 0.1015625
0 0.72265625 0.215625 0.0453125 0.0984375
0 0.73984375 0.8078125 0.0515625 0.07890625
0 0.7484375 0.07265625 0.04375 0.11015625
0 0.759375 0.71328125 0.06328125 0.040625
0 0.778125 0.94453125 0.05703125 0.07734375
0 0.80234375 0.1 0.0921875 0.0546875
0 0.79140625 0.42421875 0.04140625 0.0984375
0 0.79921875 0.82890625 0.0546875 0.05
0 0.8171875 0.08671875 0.0515625 0.0875
0 0.8203125 0.30234375 0.03984375 0.07734375
0 0.82265625 0.5609375 0.03125 0.07265625
0 0.828125 0.03828125 0.0328125 0.07578125
0 0.82734375 0.6015625 0.0265625 0.07578125
0 0.8421875 0.89296875 0.03984375 0.0671875
0 0.87890625 0.39296875 0.11015625 0.1046875
0 0.871875 0.79140625 0.0734375 0.0640625
0 0.86953125 0.30859375 0.06328125 0.02890625
0 0.871875 0.23203125 0.046875 0.08828125
0 0.875 0.96171875 0.028125 0.0703125
0 0.88359375 0.6234375 0.0375 0.0796875
0 0.88125 0.8828125 0.0203125 0.0734375
0 0.921875 0.1265625 0.05625 0.0953125
0 0.94375 0.05390625 0.0578125 0.0953125
0 0.9203125 0.5296875 0.01015625 0.08046875
0 0.95859375 0.784375 0.06640625 0.07734375
0 0.9390625 0.265625 0.021875 0.0953125
0 0.95 0.32890625 0.04453125 0.07578125
0 0.9609375 0.10859375 0.05390625 0.09296875
0 0.96328125 0.23125 0.0515625 0.084375
0 0.9625 0.95546875 0.03515625 0.0515625
0 0.9703125 0.140625 0.0453125 0.07421875
0 0.978125 0.73984375 0.0421875 0.0640625
0 0.97421875 0.546875 0.0328125 0.0734375
0 0.9796875 0.87890625 0.03984375 0.053125
0 0.97890625 0.053125 0.0390625 0.10625
0 0.9875 0.44765625 0.0234375 0.06171875