0 0.75546875 0.80703125 0.11484375 0.10390625
0 0.0890625 0.41953125 0.05 0.03984375
0 0.18515625 0.32734375 0.11015625 0.1109375
0 0.17890625 0.6671875 0.0953125 0.0875
0 0.16328125 0.41640625 0.03984375 0.0546875
0 0.203125 0.559375 0.08125 0.07265625
0 0.2953125 0.25234375 0.1828125 0.16015625
0 0.3046875 0.37265625 0.10078125 0.0953125
0 0.39375 0.82734375 0.128125 0.06328125
0 0.3875 0.36796875 0.08671875 0.13828125
0 0.3953125 0.93828125 0.07734375 0.08046875
0 0.45625 0.40703125 0.10234375 0.0640625
0 0.446875 0.440625 0.0640625 0.06171875
0 0.5203125 0.18984375 0.15859375 0.153125
0 0.4671875 0.28046875 0.0359375 0.11328125
0 0.5265625 0.48046875 0.09296875 0.0921875
0 0.5796875 0.28203125 0.15625 0.13046875
0 0.61328125 0.4015625 0.0875 0.065625
0 0.6296875 0.20859375 0.06875 0.0515625
0 0.6375 0.48984375 0.0671875 0.06328125
0 0.659375 0.3046875 0.06796875 0.0890625
0 0.71796875 0.303125 0.13671875 0.13046875
0 0.82265625 0.3640625 0.0703125 0.05
0 0.81875 0.928125 0.0609375 0.0515625
0 0.859375 0.29453125 0.1078125 0.09296875
0 0.871875 0.78203125 0.1171875 0.16484375
0 0.85546875 0.7796875 0.06796875 0.12890625
0 0.90234375 0.43125 0.0875 0.0875
0 0.94453125 0.40859375 0.0421875 0.05859375