0 0.35625 0.484375 0.2703125 0.26484375
0 0.0640625 0.57578125 0.12734375 0.0984375
0 0.071875 0.7921875 0.14296875 0.134375
0 0.021875 0.2640625 0.0421875 0.0953125
0 0.0765625 0.12578125 0.08671875 0.06171875
0 0.0859375 0.0234375 0.0984375 0.046875
0 0.084375 0.3390625 0.0734375 0.08359375
0 0.2328125 0.6046875 0.3578125 0.31484375
0 0.10078125 0.6265625 0.0453125 0.0515625
0 0.10625 0.196875 0.05703125 0.09453125
0 0.11640625 0.26953125 0.053125 0.05
0 0.1859375 0.15390625 0.1109375 0.07109375
0 0.1828125 0.72578125 0.03515625 0.06015625
0 0.20390625 0.0421875 0.0484375 0.08046875
0 0.2078125 0.990625 0.02890625 0.0171875
0 0.24140625 0.39609375 0.0578125 0.12734375
0 0.44375 0.0921875 0.45078125 0.1359375
0 0.25234375 0.97109375 0.065625 0.04765625
0 0.34296875 0.765625 0.0609375 0.07421875
0 0.3671875 0.94296875 0.075 0.0609375
0 0.38203125 0.52578125 0.059375 0.03984375
0 0.39609375 0.0265625 0.0390625 0.053125
0 0.4390625 0.51953125 0.06875 0.0296875
0 0.43515625 0.71328125 0.04140625 0.06953125
0 0.4609375 0.90546875 0.08359375 0.05859375
0 0.4328125 0.92265625 0.02421875 0.0375
0 0.46640625 0.23984375 0.084375 0.14296875
0 0.5375 0.828125 0.1875 0.1203125
0 0.584375 0.475 0.2171875 0.2
0 0.58125 0.6078125 0.06953125 0.03046875
0 0.6125 0.69453125 0.0328125 0.06171875
0 0.640625 0.959375 0.053125 0.0796875
0 0.72109375 0.4 0.19765625 0.053125
0 0.69453125 0.940625 0.1109375 0.04296875
0 0.7703125 0.91015625 0.19609375 0.16640625
0 0.728125 0.3203125 0.0671875 0.12421875
0 0.784375 0.59296875 0.0984375 0.03984375
0 0.7859375 0.828125 0.0828125 0.0484375
0 0.8484375 0.5046875 0.19609375 0.07265625
0 0.846875 0.67421875 0.1625 0.153125
0 0.871875 0.2359375 0.21171875 0.075
0 0.8984375 0.0421875 0.1921875 0.084375
0 0.853125 0.78203125 0.084375 0.03515625
0 0.89921875 0.471875 0.1125 0.03046875
0 0.87421875 0.33359375 0.0421875 0.05
0 0.9171875 0.6046875 0.07265625 0.06953125
0 0.9640625 0.48046875 0.07109375 0.04453125
0 0.9671875 0.31171875 0.0640625 0.03828125
0 0.98046875 0.4609375 0.0375 0.03046875