0 0.0640625 0.7765625 0.128125 0.078125
0 0.08671875 0.31171875 0.1734375 0.103125
0 0.09296875 0.096875 0.1859375 0.06171875
0 0.12109375 0.834375 0.228125 0.09296875
0 0.13828125 0.6015625 0.228125 0.09375
0 0.17578125 0.35 0.1375 0.0859375
0 0.253125 0.225 0.16328125 0.22578125
0 0.246875 0.51796875 0.1484375 0.26875
0 0.40703125 0.58203125 0.30625 0.178125
0 0.39140625 0.14453125 0.2015625 0.10859375
0 0.475 0.8828125 0.296875 0.1515625
0 0.4453125 0.36953125 0.2109375 0.16640625
0 0.5078125 0.621875 0.1515625 0.37421875
0 0.509375 0.29765625 0.09453125 0.184375
0 0.53125 0.45703125 0.1203125 0.09765625
0 0.57890625 0.57265625 0.13828125 0.30859375
0 0.6359375 0.09296875 0.18046875 0.065625
0 0.74375 0.5640625 0.26328125 0.1046875
0 0.6984375 0.128125 0.16328125 0.25625
0 0.690625 0.52578125 0.14296875 0.28046875
0 0.75546875 0.90078125 0.228125 0.196875
0 0.740625 0.409375 0.18203125 0.115625
0 0.86640625 0.1140625 0.0484375 0.13046875
0 0.90078125 0.4546875 0.06875 0.209375
0 0.9140625 0.3578125 0.08359375 0.22421875
0 0.940625 0.84765625 0.11796875 0.07109375
0 0.93515625 0.07109375 0.078125 0.1421875
0 0.9578125 0.46796875 0.0828125 0.271875
0 0.9703125 0.5109375 0.05859375 0.1734375
0 0.97109375 0.28671875 0.05625 0.03984375