0 0.25234375 0.44609375 0.234375 0.1078125
0 0.23984375 0.2171875 0.0796875 0.0375
0 0.2859375 0.53984375 0.09453125 0.02890625
0 0.33828125 0.56796875 0.07109375 0.0375
0 0.3328125 0.22109375 0.0359375 0.034375
0 0.53203125 0.26484375 0.1921875 0.059375
0 0.52578125 0.48515625 0.09296875 0.053125
0 0.578125 0.86953125 0.1359375 0.0765625
0 0.62734375 0.67265625 0.0296875 0.04765625
0 0.78984375 0.553125 0.0921875 0.03046875
0 0.85 0.3015625 0.08984375 0.01875
0 0.86796875 0.6421875 0.1046875 0.0703125
0 0.92109375 0.2546875 0.15546875 0.0421875
0 0.96015625 0.0890625 0.07421875 0.04296875
0 0.9828125 0.15 0.0328125 0.040625