0 0.046875 0.37421875 0.053125 0.0828125
0 0.11015625 0.43671875 0.0578125 0.053125
0 0.12578125 0.359375 0.0546875 0.046875
0 0.1203125 0.453125 0.03359375 0.03828125
0 0.1375 0.64140625 0.0453125 0.06484375
0 0.13984375 0.53359375 0.02109375 0.02734375
0 0.1703125 0.2765625 0.03671875 0.03125
0 0.18828125 0.36796875 0.0625 0.053125
0 0.2125 0.63515625 0.02734375 0.04296875
0 0.2328125 0.37109375 0.03984375 0.04765625
0 0.271875 0.23046875 0.02734375 0.0375
0 0.2953125 0.265625 0.0390625 0.02578125
0 0.29609375 0.22109375 0.02421875 0.0359375
0 0.29921875 0.3125 0.03046875 0.0328125
0 0.3640625 0.21640625 0.02890625 0.053125
0 0.4515625 0.19140625 0.03984375 0.03828125
0 0.5078125 0.23515625 0.0234375 0.0328125
0 0.50703125 0.19453125 0.01953125 0.02890625
0 0.5578125 0.2828125 0.07890625 0.08671875
0 0.62265625 0.24453125 0.05 0.04453125
0 0.709375 0.278125 0.03671875 0.02890625
0 0.725 0.315625 0.0265625 0.02578125
0 0.7921875 0.35 0.0390625 0.0421875
0 0.8203125 0.5453125 0.06953125 0.02421875
0 0.8046875 0.28046875 0.03515625 0.040625
0 0.8109375 0.61328125 0.0234375 0.0703125
0 0.8171875 0.3140625 0.03046875 0.02890625
0 0.8515625 0.5046875 0.0296875 0.01015625
0 0.87265625 0.52578125 0.0328125 0.02890625