0 0.090625 0.16875 0.18125 0.11015625
0 0.15 0.73359375 0.09140625 0.13203125
0 0.221875 0.1890625 0.0765625 0.06953125
0 0.21328125 0.14140625 0.028125 0.04921875
0 0.26875 0.2390625 0.08671875 0.06484375
0 0.31875 0.23125 0.121875 0.06953125
0 0.4421875 0.32421875 0.278125 0.11640625
0 0.3484375 0.7140625 0.0546875 0.06640625
0 0.359375 0.1984375 0.07421875 0.08125
0 0.4125 0.4609375 0.13671875 0.0796875
0 0.4046875 0.18828125 0.11640625 0.05703125
0 0.43671875 0.25625 0.07421875 0.04453125
0 0.515625 0.4734375 0.19765625 0.08203125
0 0.48515625 0.53046875 0.13046875 0.07578125
0 0.48203125 0.24296875 0.11640625 0.04453125
0 0.49609375 0.2140625 0.11953125 0.0671875
0 0.5046875 0.128125 0.1171875 0.05546875
0 0.53984375 0.37890625 0.04609375 0.03046875
0 0.54765625 0.44140625 0.02578125 0.01796875
0 0.5828125 0.12890625 0.078125 0.06484375
0 0.56875 0.36953125 0.03671875 0.0484375
0 0.5890625 0.4453125 0.03046875 0.0484375
0 0.60234375 0.51953125 0.0421875 0.03515625
0 0.6203125 0.63515625 0.0390625 0.0484375
0 0.63125 0.49375 0.0390625 0.03203125
0 0.6390625 0.13203125 0.04375 0.0515625
0 0.77890625 0.25859375 0.27578125 0.16875
0 0.684375 0.459375 0.0546875 0.0578125
0 0.68125 0.5359375 0.0359375 0.0484375
0 0.71640625 0.4234375 0.0890625 0.059375
0 0.7359375 0.603125 0.05859375 0.03125
0 0.771875 0.48515625 0.03828125 0.04609375
0 0.76953125 0.41328125 0.028125 0.0234375
0 0.7796875 0.3953125 0.03828125 0.02265625
0 0.79140625 0.8203125 0.04140625 0.07578125
0 0.81015625 0.4328125 0.0421875 0.040625
0 0.82109375 0.15234375 0.04765625 0.11640625
0 0.8375 0.3140625 0.05625 0.05390625
0 0.8578125 0.38125 0.0359375 0.0328125
0 0.88046875 0.56875 0.03203125 0.03671875
0 0.884375 0.1390625 0.0390625 0.08203125
0 0.9234375 0.45859375 0.11015625 0.04453125
0 0.88828125 0.48046875 0.028125 0.02265625
0 0.903125 0.428125 0.04296875 0.02734375
0 0.94609375 0.58828125 0.04375 0.090625
0 0.97734375 0.5890625 0.04453125 0.11640625