0 0.059375 0.421875 0.11875 0.0984375
0 0.15 0.221875 0.0234375 0.0640625
0 0.18984375 0.409375 0.0984375 0.21953125
0 0.21953125 0.25 0.0328125 0.0484375
0 0.296875 0.88046875 0.171875 0.1
0 0.2484375 0.21328125 0.04609375 0.0328125
0 0.26640625 0.290625 0.04609375 0.02265625
0 0.303125 0.24453125 0.0203125 0.05546875
0 0.4609375 0.89609375 0.19375 0.103125
0 0.42109375 0.2140625 0.06484375 0.05
0 0.46484375 0.34609375 0.021875 0.07578125
0 0.64609375 0.84375 0.16796875 0.0640625
0 0.7390625 0.25078125 0.0640625 0.06328125
0 0.8515625 0.55390625 0.0984375 0.07890625
0 0.87734375 0.7578125 0.0953125 0.0953125