0 0.11171875 0.63671875 0.2234375 0.2703125
0 0.04453125 0.8046875 0.04140625 0.0234375
0 0.0859375 0.94921875 0.05859375 0.04296875
0 0.0890625 0.96015625 0.0640625 0.02890625
0 0.08828125 0.121875 0.01484375 0.03515625
0 0.20859375 0.39375 0.02578125 0.0421875
0 0.21640625 0.33203125 0.0265625 0.05078125
0 0.25 0.603125 0.03203125 0.0359375
0 0.2546875 0.20390625 0.0234375 0.040625
0 0.27109375 0.38828125 0.0484375 0.03828125
0 0.46171875 0.6875 0.02421875 0.03125
0 0.46953125 0.440625 0.03046875 0.0328125
0 0.50390625 0.64375 0.0265625 0.028125
0 0.7796875 0.534375 0.06171875 0.06015625