0 0.1390625 0.87265625 0.08671875 0.05234375
0 0.26875 0.7703125 0.09453125 0.08125
0 0.48125 0.25546875 0.128125 0.0921875
0 0.44375 0.69140625 0.04609375 0.1625
0 0.62109375 0.30390625 0.1421875 0.0890625
0 0.57265625 0.50625 0.03203125 0.16953125
0 0.609375 0.59375 0.1 0.1234375
0 0.7015625 0.0828125 0.1203125 0.11640625
0 0.6890625 0.71015625 0.08046875 0.109375
0 0.7140625 0.17734375 0.03046875 0.13203125
0 0.75625 0.5328125 0.1078125 0.15703125
0 0.78359375 0.3859375 0.096875 0.07421875
0 0.85390625 0.7234375 0.13828125 0.128125
0 0.81328125 0.57109375 0.0484375 0.07734375
0 0.82578125 0.0421875 0.05625 0.084375
0 0.840625 0.82265625 0.0859375 0.1
0 0.84765625 0.35234375 0.0796875 0.13359375
0 0.90859375 0.46171875 0.1515625 0.1484375
0 0.89921875 0.18671875 0.08125 0.08125
0 0.909375 0.478125 0.06953125 0.11484375
0 0.92578125 0.2875 0.0953125 0.1515625
0 0.9515625 0.8890625 0.0953125 0.121875
0 0.9515625 0.09765625 0.0953125 0.1109375
0 0.9515625 0.62265625 0.0953125 0.1078125
0 0.9625 0.95703125 0.0734375 0.084375
0 0.9640625 0.43828125 0.0703125 0.09765625
0 0.96875 0.78359375 0.0609375 0.096875
0 0.97734375 0.284375 0.04453125 0.06171875