0 0.68203125 0.54921875 0.15625 0.22578125
0 0.01796875 0.26015625 0.02578125 0.0484375
0 0.0859375 0.25078125 0.1046875 0.08984375
0 0.1703125 0.81484375 0.0546875 0.096875
0 0.284375 0.18671875 0.16953125 0.14453125
0 0.2296875 0.025 0.0140625 0.040625
0 0.3265625 0.54296875 0.09453125 0.17578125
0 0.3265625 0.35703125 0.059375 0.06875
0 0.3734375 0.31875 0.0625 0.10390625
0 0.3578125 0.13203125 0.0265625 0.034375
0 0.4953125 0.303125 0.04609375 0.084375
0 0.52578125 0.26015625 0.034375 0.07890625
0 0.60078125 0.68359375 0.1 0.06953125
0 0.59375 0.29921875 0.0703125 0.0765625
0 0.60390625 0.2109375 0.06015625 0.1
0 0.6609375 0.23046875 0.0515625 0.0421875
0 0.72421875 0.784375 0.11875 0.05546875
0 0.73671875 0.34453125 0.0921875 0.12109375
0 0.721875 0.85234375 0.02578125 0.06953125
0 0.8109375 0.36640625 0.03828125 0.06171875
0 0.86640625 0.79453125 0.1390625 0.0859375
0 0.86953125 0.2046875 0.028125 0.04609375
0 0.9265625 0.10234375 0.0296875 0.03828125