0 0.04921875 0.20546875 0.09765625 0.0421875
0 0.05546875 0.3734375 0.1109375 0.15390625
0 0.09765625 0.0890625 0.153125 0.04140625
0 0.15078125 0.0265625 0.1 0.053125
0 0.19921875 0.60078125 0.1453125 0.11640625
0 0.33125 0.3015625 0.1046875 0.0703125
0 0.35234375 0.3875 0.09921875 0.0703125
0 0.37890625 0.9 0.11171875 0.14375
0 0.47734375 0.20625 0.19140625 0.02890625
0 0.41796875 0.0765625 0.06875 0.071875
0 0.43515625 0.55625 0.10234375 0.109375
0 0.46796875 0.48125 0.13359375 0.11328125
0 0.5296875 0.78359375 0.17890625 0.06484375
0 0.50078125 0.60390625 0.1046875 0.1078125
0 0.49765625 0.9484375 0.08984375 0.1015625
0 0.55859375 0.81953125 0.11484375 0.11953125
0 0.578125 0.4375 0.12734375 0.09921875
0 0.59765625 0.0671875 0.16328125 0.05234375
0 0.5625 0.528125 0.0609375 0.09453125
0 0.6203125 0.2109375 0.11953125 0.0921875
0 0.60703125 0.5515625 0.0734375 0.11328125
0 0.6515625 0.671875 0.0765625 0.125
0 0.6953125 0.35703125 0.16328125 0.07890625
0 0.6828125 0.72265625 0.10703125 0.1265625
0 0.72578125 0.10234375 0.1578125 0.0375
0 0.72734375 0.053125 0.1515625 0.04921875
0 0.71484375 0.425 0.11484375 0.0921875
0 0.72734375 0.4515625 0.125 0.1078125
0 0.70859375 0.0203125 0.08125 0.040625
0 0.7234375 0.6078125 0.04609375 0.0890625
0 0.85703125 0.7328125 0.125 0.0765625
0 0.84765625 0.0984375 0.0734375 0.0875
0 0.890625 0.63203125 0.09921875 0.1046875
0 0.91484375 0.8671875 0.13515625 0.14296875
0 0.9125 0.7890625 0.11953125 0.07890625
0 0.90625 0.7609375 0.04375 0.10234375
0 0.96015625 0.6671875 0.0765625 0.11640625
0 0.946875 0.68671875 0.04140625 0.09375
0 0.96953125 0.61015625 0.04609375 0.090625