0 0.84375 0.53125 0.1796875 0.2875
0 0.0390625 0.1171875 0.078125 0.153125
0 0.08046875 0.0390625 0.1609375 0.07734375
0 0.07109375 0.70859375 0.14140625 0.253125
0 0.15078125 0.51328125 0.1859375 0.1921875
0 0.26953125 0.34375 0.134375 0.17421875
0 0.34765625 0.7765625 0.1671875 0.23046875
0 0.35625 0.96640625 0.13203125 0.065625
0 0.390625 0.4078125 0.1984375 0.2375
0 0.35234375 0.378125 0.1078125 0.1609375
0 0.39609375 0.20078125 0.11875 0.15703125
0 0.425 0.0453125 0.1265625 0.090625
0 0.4359375 0.80234375 0.13125 0.16484375
0 0.4765625 0.50078125 0.10859375 0.1359375
0 0.51484375 0.9734375 0.15 0.0515625
0 0.51640625 0.08046875 0.1328125 0.1609375
0 0.578125 0.29296875 0.16953125 0.2375
0 0.5640625 0.76875 0.134375 0.190625
0 0.6125 0.4078125 0.1 0.1140625
0 0.634375 0.5640625 0.13828125 0.1984375
0 0.68125 0.8640625 0.1734375 0.21953125
0 0.66171875 0.059375 0.08203125 0.10859375
0 0.73203125 0.41796875 0.1703125 0.21015625
0 0.7125 0.72734375 0.1296875 0.18515625
0 0.72109375 0.21953125 0.09453125 0.1359375
0 0.74609375 0.08984375 0.134375 0.17265625
0 0.7859375 0.60546875 0.11875 0.2
0 0.83125 0.234375 0.1265625 0.1453125
0 0.88359375 0.01875 0.1328125 0.0375
0 0.9015625 0.32578125 0.1609375 0.22109375
0 0.8796875 0.12734375 0.1140625 0.1375
0 0.9546875 0.12578125 0.0890625 0.1828125
0 0.96875 0.2703125 0.0609375 0.12734375