0 0.2078125 0.73984375 0.3140625 0.2125
0 0.04453125 0.15546875 0.0890625 0.14296875
0 0.06328125 0.565625 0.1265625 0.16015625
0 0.11328125 0.2796875 0.2265625 0.17734375
0 0.12734375 0.46953125 0.25390625 0.15703125
0 0.253125 0.3515625 0.3734375 0.26953125
0 0.21953125 0.171875 0.2859375 0.2140625
0 0.28515625 0.2484375 0.1453125 0.0328125
0 0.31484375 0.3234375 0.19375 0.0890625
0 0.44921875 0.5828125 0.371875 0.21953125
0 0.5234375 0.2484375 0.20546875 0.1359375
0 0.5359375 0.41015625 0.22265625 0.16171875
0 0.64296875 0.62421875 0.146875 0.1703125
0 0.6453125 0.728125 0.1515625 0.1484375
0 0.6671875 0.33671875 0.0734375 0.14296875
0 0.7578125 0.23359375 0.1828125 0.13046875
0 0.7453125 0.34609375 0.1515625 0.12734375
0 0.74453125 0.82109375 0.1046875 0.15
0 0.79921875 0.82578125 0.1296875 0.15
0 0.79921875 0.40234375 0.11875 0.0875
0 0.84375 0.48046875 0.16875 0.1171875
0 0.8609375 0.61640625 0.1703125 0.1515625
0 0.8234375 0.48515625 0.0484375 0.12421875
0 0.865625 0.36796875 0.0984375 0.1
0 0.86953125 0.9390625 0.09921875 0.12109375
0 0.8703125 0.70859375 0.075 0.10859375
0 0.9640625 0.68671875 0.07109375 0.1375
0 0.98515625 0.47265625 0.028125 0.0953125