0 0.0171875 0.05625 0.034375 0.04140625
0 0.06484375 0.18125 0.05 0.0390625
0 0.09453125 0.2140625 0.04921875 0.0328125
0 0.12421875 0.6765625 0.07734375 0.0609375
0 0.428125 0.49921875 0.65703125 0.9984375
0 0.12578125 0.846875 0.0296875 0.0484375
0 0.1609375 0.6296875 0.046875 0.0875
0 0.25625 0.05703125 0.03828125 0.03671875
0 0.453125 0.334375 0.05234375 0.03671875
0 0.44921875 0.2234375 0.03671875 0.0296875
0 0.4734375 0.1171875 0.046875 0.04140625
0 0.4890625 0.68046875 0.05390625 0.03515625
0 0.5125 0.23671875 0.05703125 0.02890625
0 0.52734375 0.2859375 0.0328125 0.0328125
0 0.70234375 0.79296875 0.37890625 0.41171875