0 0.3953125 0.08984375 0.10859375 0.15390625
0 0.04453125 0.46875 0.05078125 0.04921875
0 0.1359375 0.23046875 0.05 0.0703125
0 0.28046875 0.2984375 0.0859375 0.0921875
0 0.34140625 0.53515625 0.04296875 0.02578125
0 0.44140625 0.690625 0.11875 0.0875
0 0.48671875 0.396875 0.046875 0.03671875
0 0.52421875 0.553125 0.06953125 0.05703125
0 0.54921875 0.38671875 0.028125 0.02578125
0 0.5859375 0.91875 0.075 0.071875
0 0.646875 0.85390625 0.1359375 0.11484375
0 0.8359375 0.2703125 0.015625 0.0453125