0 0.10390625 0.71640625 0.1828125 0.3703125
0 0.0328125 0.2375 0.06484375 0.16796875
0 0.1140625 0.4203125 0.228125 0.384375
0 0.1640625 0.15 0.23359375 0.3
0 0.23203125 0.54921875 0.18125 0.228125
0 0.31171875 0.1984375 0.2359375 0.396875
0 0.2828125 0.54453125 0.1671875 0.325
0 0.31328125 0.9265625 0.13359375 0.14296875
0 0.3953125 0.83359375 0.27265625 0.3296875
0 0.4234375 0.40390625 0.27265625 0.228125
0 0.546875 0.22578125 0.30625 0.26171875
0 0.53515625 0.7921875 0.2578125 0.21484375
0 0.6328125 0.07421875 0.34140625 0.1484375
0 0.59453125 0.65078125 0.2390625 0.2953125
0 0.6484375 0.4890625 0.2734375 0.21171875
0 0.6796875 0.60390625 0.17734375 0.13515625
0 0.78515625 0.39140625 0.2203125 0.1765625
0 0.8046875 0.8515625 0.21640625 0.29296875
0 0.8546875 0.52890625 0.2890625 0.325
0 0.87109375 0.72734375 0.2546875 0.19140625
0 0.86484375 0.2984375 0.22265625 0.3296875
0 0.8765625 0.865625 0.24375 0.26484375
0 0.9296875 0.2078125 0.1390625 0.128125
0 0.9390625 0.3625 0.11875 0.18203125
0 0.94375 0.07109375 0.11015625 0.14140625