0 0.0375 0.096875 0.07421875 0.19375
0 0.10625 0.24140625 0.20859375 0.1328125
0 0.2578125 0.54453125 0.1453125 0.16953125
0 0.36015625 0.8015625 0.26953125 0.1375
0 0.321875 0.2984375 0.1359375 0.125
0 0.58046875 0.6984375 0.25390625 0.18125
0 0.509375 0.04296875 0.08046875 0.06171875
0 0.603125 0.44375 0.22109375 0.08515625
0 0.61796875 0.10234375 0.1359375 0.16328125
0 0.75078125 0.61171875 0.25 0.10703125
0 0.8015625 0.20234375 0.0609375 0.1671875
0 0.91015625 0.8015625 0.17890625 0.1296875
0 0.9671875 0.6453125 0.06484375 0.06796875