0 0.02109375 0.75625 0.0421875 0.05
0 0.05625 0.8953125 0.1125 0.08828125
0 0.046875 0.8125 0.0828125 0.07734375
0 0.05703125 0.7109375 0.0671875 0.0578125
0 0.0453125 0.54140625 0.02578125 0.0640625
0 0.0703125 0.66953125 0.07578125 0.05234375
0 0.275 0.2984375 0.45234375 0.33359375
0 0.0875 0.52265625 0.0546875 0.06328125
0 0.12890625 0.4375 0.071875 0.05859375
0 0.1296875 0.5125 0.065625 0.06796875
0 0.14765625 0.32734375 0.0859375 0.06796875
0 0.2125 0.58515625 0.0734375 0.059375
0 0.209375 0.46953125 0.059375 0.07578125
0 0.21875 0.57890625 0.03046875 0.07578125
0 0.2875 0.7984375 0.12421875 0.08515625
0 0.33671875 0.4640625 0.10390625 0.06484375
0 0.36953125 0.69453125 0.09453125 0.0875
0 0.34765625 0.74296875 0.0453125 0.05234375
0 0.35078125 0.64765625 0.04609375 0.0375
0 0.40859375 0.59296875 0.0578125 0.06484375
0 0.4140625 0.6515625 0.04609375 0.0484375
0 0.434375 0.8859375 0.06015625 0.059375
0 0.465625 0.71875 0.0640625 0.05
0 0.4828125 0.35546875 0.0796875 0.0734375
0 0.53515625 0.38515625 0.07421875 0.05078125
0 0.61796875 0.39453125 0.1265625 0.0703125
0 0.56796875 0.553125 0.02421875 0.06484375
0 0.5984375 0.7640625 0.0734375 0.0796875
0 0.6140625 0.6375 0.08515625 0.05625
0 0.6109375 0.5609375 0.05 0.07734375
0 0.615625 0.71796875 0.0515625 0.03203125
0 0.6546875 0.440625 0.10390625 0.05703125
0 0.67265625 0.775 0.0734375 0.071875
0 0.71015625 0.7015625 0.06484375 0.05390625
0 0.7640625 0.42890625 0.13125 0.0703125
0 0.79375 0.4734375 0.0875 0.034375
0 0.81328125 0.7875 0.1125 0.075
0 0.79296875 0.70546875 0.06015625 0.08203125
0 0.81875 0.884375 0.1015625 0.07890625
0 0.8265625 0.56328125 0.10234375 0.04921875
0 0.86640625 0.72890625 0.0703125 0.05
0 0.925 0.8359375 0.071875 0.0796875
0 0.94765625 0.41875 0.103125 0.08203125
0 0.94453125 0.95625 0.0859375 0.05390625
0 0.95703125 0.615625 0.078125 0.0515625
0 0.95703125 0.67265625 0.078125 0.05625
0 0.97734375 0.496875 0.04453125 0.05