0 0.09453125 0.0734375 0.01953125 0.0375
0 0.11875 0.1671875 0.0390625 0.040625
0 0.2 0.3640625 0.0671875 0.06328125
0 0.2125 0.08203125 0.06953125 0.07734375
0 0.275 0.18828125 0.0890625 0.07890625
0 0.3046875 0.0546875 0.0734375 0.0453125
0 0.278125 0.17265625 0.0171875 0.0609375
0 0.3234375 0.053125 0.0109375 0.04140625
0 0.44140625 0.384375 0.09296875 0.0515625
0 0.49453125 0.38671875 0.0234375 0.02109375
0 0.5109375 0.3265625 0.0484375 0.02578125
0 0.55625 0.08828125 0.0390625 0.05
0 0.5578125 0.14140625 0.01015625 0.02734375
0 0.5984375 0.52421875 0.0328125 0.05
0 0.6078125 0.60546875 0.04765625 0.096875
0 0.625 0.321875 0.0609375 0.0625
0 0.69140625 0.5546875 0.08125 0.046875
0 0.68828125 0.85390625 0.0625 0.06171875
0 0.69375 0.4484375 0.0609375 0.046875
0 0.8140625 0.29140625 0.01953125 0.04296875
0 0.90625 0.753125 0.02890625 0.06015625
0 0.9359375 0.63515625 0.028125 0.04453125
0 0.959375 0.4609375 0.0265625 0.02421875