0 0.4640625 0.49921875 0.92734375 0.9984375
0 0.41875 0.7140625 0.05859375 0.05078125
0 0.43828125 0.89296875 0.0125 0.05234375
0 0.50078125 0.96328125 0.02421875 0.01015625
0 0.52890625 0.975 0.02265625 0.02109375
0 0.56484375 0.8484375 0.0203125 0.040625
0 0.64765625 0.865625 0.01953125 0.046875
0 0.65546875 0.51015625 0.02734375 0.03125
0 0.659375 0.45078125 0.02421875 0.02109375
0 0.6734375 0.7234375 0.04375 0.10546875
0 0.72578125 0.8375 0.03125 0.0234375
0 0.72890625 0.34453125 0.01875 0.0375
0 0.73984375 0.26640625 0.02421875 0.0140625
0 0.75078125 0.85703125 0.0296875 0.02890625
0 0.7765625 0.446875 0.01875 0.03671875
0 0.78515625 0.32890625 0.0171875 0.021875
0 0.80390625 0.33671875 0.02734375 0.040625
0 0.80546875 0.396875 0.015625 0.02578125
0 0.81328125 0.22890625 0.01640625 0.0234375
0 0.8328125 0.2515625 0.0203125 0.040625
0 0.83515625 0.68203125 0.0171875 0.03359375
0 0.86015625 0.05234375 0.0265625 0.02734375
0 0.8671875 0.22421875 0.021875 0.015625
0 0.88203125 0.6578125 0.025 0.01796875
0 0.878125 0.1875 0.00859375 0.02578125
0 0.8859375 0.16484375 0.015625 0.01953125
0 0.8859375 0.0875 0.01484375 0.01171875
0 0.8921875 0.62265625 0.0234375 0.01796875
0 0.89453125 0.68125 0.0171875 0.01953125
0 0.915625 0.06953125 0.0234375 0.01171875
0 0.928125 0.53984375 0.046875 0.02734375
0 0.91953125 0.88359375 0.02265625 0.0453125
0 0.92578125 0.74609375 0.01953125 0.03125
0 0.928125 0.021875 0.015625 0.025
0 0.9515625 0.04140625 0.0265625 0.0234375
0 0.9703125 0.7359375 0.03828125 0.03359375
0 0.95703125 0.328125 0.0078125 0.01796875
0 0.975 0.315625 0.0203125 0.0171875
0 0.98515625 0.17578125 0.0234375 0.03125
0 0.98515625 0.21640625 0.015625 0.0171875
0 0.99375 0.1953125 0.009375 0.015625