0 0.8203125 0.94609375 0.08125 0.1078125
0 0.4515625 0.6921875 0.903125 0.103125
0 0.0203125 0.32265625 0.01875 0.01484375
0 0.0421875 0.3328125 0.01875 0.0046875
0 0.04609375 0.35546875 0.02734375 0.01796875
0 0.0609375 0.32578125 0.0234375 0.01484375
0 0.06171875 0.38046875 0.01640625 0.025
0 0.0875 0.70703125 0.03984375 0.0734375
0 0.0890625 0.325 0.0140625 0.01328125
0 0.13046875 0.7796875 0.0484375 0.06640625
0 0.15078125 0.85546875 0.05859375 0.06484375
0 0.1921875 0.90859375 0.02265625 0.05
0 0.590625 0.45078125 0.81640625 0.275
0 0.19765625 0.9375 0.0171875 0.0453125
0 0.2828125 0.71953125 0.02109375 0.028125
0 0.28984375 0.7671875 0.0296875 0.0546875
0 0.3203125 0.615625 0.0328125 0.05859375
0 0.36953125 0.971875 0.03359375 0.05
0 0.45078125 0.9578125 0.14375 0.08203125
0 0.4953125 0.95390625 0.05625 0.0515625
0 0.49140625 0.63984375 0.025 0.01640625
0 0.496875 0.5546875 0.0234375 0.0265625
0 0.5 0.52421875 0.0078125 0.01796875
0 0.5265625 0.52421875 0.01484375 0.03515625
0 0.57421875 0.9328125 0.10859375 0.1046875
0 0.5609375 0.61328125 0.025 0.04296875
0 0.61015625 0.5625 0.03984375 0.0546875
0 0.67265625 0.71640625 0.08515625 0.0734375
0 0.74375 0.6171875 0.0203125 0.0484375
0 0.88359375 0.74296875 0.0375 0.06015625
0 0.9484375 0.6390625 0.0453125 0.0515625