0 0.0125 0.4609375 0.025 0.046875
0 0.0296875 0.690625 0.05859375 0.03984375
0 0.0375 0.33359375 0.075 0.0359375
0 0.04375 0.4203125 0.04921875 0.0328125
0 0.04375 0.615625 0.03046875 0.0484375
0 0.046875 0.5109375 0.0203125 0.03828125
0 0.07578125 0.39296875 0.07734375 0.02890625
0 0.121875 0.76171875 0.09921875 0.04453125
0 0.1171875 0.2890625 0.08046875 0.0484375
0 0.14140625 0.40546875 0.059375 0.034375
0 0.15078125 0.34921875 0.04609375 0.0390625
0 0.234375 0.79296875 0.0875 0.0453125
0 0.23984375 0.33671875 0.0796875 0.0546875
0 0.278125 0.77578125 0.12109375 0.07421875
0 0.259375 0.4015625 0.03125 0.0421875
0 0.29296875 0.4640625 0.07109375 0.04140625
0 0.36953125 0.5921875 0.1296875 0.09140625
0 0.33515625 0.46796875 0.0484375 0.03046875
0 0.36796875 0.44609375 0.06328125 0.0359375
0 0.3734375 0.3984375 0.04375 0.02734375
0 0.38046875 0.53125 0.0421875 0.03046875
0 0.3921875 0.38359375 0.0484375 0.03046875
0 0.384375 0.73828125 0.0234375 0.03046875
0 0.425 0.915625 0.090625 0.0484375
0 0.41171875 0.79765625 0.0421875 0.03984375
0 0.4265625 0.43828125 0.0453125 0.0328125
0 0.44765625 0.490625 0.0515625 0.02421875
0 0.44375 0.6828125 0.028125 0.0375
0 0.4578125 0.44296875 0.05703125 0.0328125
0 0.459375 0.4265625 0.0484375 0.02734375
0 0.4765625 0.83984375 0.03984375 0.0484375
0 0.4765625 0.74140625 0.0390625 0.03515625
0 0.48515625 0.77578125 0.0484375 0.0484375
0 0.52890625 0.36953125 0.0703125 0.034375
0 0.53125 0.48984375 0.065625 0.03984375
0 0.534375 0.3984375 0.0578125 0.02734375
0 0.5296875 0.421875 0.04609375 0.02578125
0 0.54453125 0.63125 0.06484375 0.0375
0 0.571875 0.44609375 0.06328125 0.015625
0 0.5828125 0.70703125 0.0390625 0.0375
0 0.5984375 0.61484375 0.059375 0.02421875
0 0.603125 0.41484375 0.0640625 0.02421875
0 0.5984375 0.646875 0.0453125 0.02109375
0 0.5984375 0.403125 0.04609375 0.01484375
0 0.62734375 0.390625 0.059375 0.0375
0 0.6375 0.43828125 0.0640625 0.04140625
0 0.63984375 0.58203125 0.0546875 0.02890625
0 0.65390625 0.50390625 0.06171875 0.02734375
0 0.6625 0.54765625 0.07109375 0.03671875
0 0.690625 0.40625 0.053125 0.0421875
0 0.83984375 0.6546875 0.31953125 0.4
0 0.7625 0.4171875 0.06171875 0.0484375
0 0.78671875 0.7890625 0.0734375 0.04140625
0 0.7796875 0.93828125 0.0296875 0.05703125