0 0.01953125 0.72109375 0.0390625 0.06328125
0 0.04609375 0.321875 0.0921875 0.134375
0 0.075 0.509375 0.14921875 0.0890625
0 0.1546875 0.6484375 0.1953125 0.1359375
0 0.2421875 0.3140625 0.20234375 0.1046875
0 0.19765625 0.4390625 0.0921875 0.0484375
0 0.31640625 0.684375 0.1140625 0.06171875
0 0.51796875 0.47734375 0.38125 0.16953125
0 0.5078125 0.64453125 0.2234375 0.11328125
0 0.54140625 0.3234375 0.096875 0.07265625
0 0.665625 0.67890625 0.1171875 0.06953125
0 0.74296875 0.32734375 0.1921875 0.103125
0 0.7859375 0.578125 0.12265625 0.103125
0 0.865625 0.4203125 0.16875 0.11640625
0 0.9109375 0.53203125 0.1765625 0.1078125
0 0.9078125 0.671875 0.1421875 0.1
0 0.9390625 0.32578125 0.1203125 0.1078125
0 0.97109375 0.7390625 0.05703125 0.02421875