0 0.02265625 0.62265625 0.0453125 0.07734375
0 0.053125 0.4703125 0.10625 0.16015625
0 0.059375 0.296875 0.11875 0.18125
0 0.078125 0.19609375 0.15546875 0.16484375
0 0.08828125 0.7078125 0.1765625 0.15703125
0 0.0796875 0.571875 0.1546875 0.0984375
0 0.153125 0.7671875 0.18046875 0.12421875
0 0.1984375 0.3390625 0.2625 0.1546875
0 0.1640625 0.86953125 0.1578125 0.08046875
0 0.2046875 0.621875 0.221875 0.15
0 0.28671875 0.14921875 0.3171875 0.2515625
0 0.2859375 0.43203125 0.28203125 0.240625
0 0.309375 0.90078125 0.2640625 0.12578125
0 0.325 0.7734375 0.2828125 0.134375
0 0.340625 0.6734375 0.16796875 0.065625
0 0.4359375 0.4671875 0.29921875 0.246875
0 0.4734375 0.12734375 0.296875 0.1859375
0 0.44140625 0.2609375 0.215625 0.16953125
0 0.5140625 0.61015625 0.3390625 0.1453125
0 0.515625 0.9578125 0.29453125 0.08359375
0 0.48984375 0.77578125 0.23984375 0.1375
0 0.615625 0.87109375 0.33046875 0.16484375
0 0.70859375 0.4109375 0.371875 0.2328125
0 0.7296875 0.2515625 0.3921875 0.215625
0 0.753125 0.115625 0.409375 0.23125
0 0.771875 0.74921875 0.3578125 0.12890625
0 0.78515625 0.53359375 0.23359375 0.16328125
0 0.8375 0.6109375 0.32421875 0.2359375
0 0.9109375 0.44296875 0.17734375 0.1421875