0 0.01171875 0.28984375 0.0234375 0.0140625
0 0.01171875 0.60390625 0.0234375 0.05
0 0.01328125 0.39921875 0.0265625 0.0375
0 0.015625 0.27265625 0.03125 0.0203125
0 0.0234375 0.36484375 0.046875 0.0296875
0 0.02421875 0.4359375 0.0484375 0.02734375
0 0.028125 0.00703125 0.05625 0.01328125
0 0.034375 0.88359375 0.06875 0.0515625
0 0.0234375 0.06953125 0.0390625 0.0359375
0 0.0359375 0.33671875 0.0453125 0.0328125
0 0.046875 0.21875 0.06171875 0.0828125
0 0.08125 0.54453125 0.12421875 0.0515625
0 0.06796875 0.28515625 0.0921875 0.015625
0 0.07578125 0.59765625 0.0984375 0.05859375
0 0.1140625 0.4453125 0.1328125 0.06640625
0 0.09140625 0.01796875 0.0703125 0.0328125
0 0.07578125 0.06328125 0.0359375 0.0453125
0 0.0953125 0.203125 0.0515625 0.02734375
0 0.10625 0.63046875 0.03984375 0.0375
0 0.159375 0.1 0.10703125 0.04140625
0 0.2203125 0.265625 0.2015625 0.134375
0 0.234375 0.40703125 0.196875 0.09453125
0 0.1640625 0.334375 0.03984375 0.02578125
0 0.31171875 0.6671875 0.3171875 0.196875
0 0.2484375 0.284375 0.16015625 0.08046875
0 0.21796875 0.34609375 0.05703125 0.034375
0 0.23203125 0.13359375 0.0546875 0.046875
0 0.35234375 0.1203125 0.1390625 0.1140625
0 0.30546875 0.253125 0.04140625 0.02890625
0 0.5359375 0.8828125 0.49140625 0.2328125
0 0.37265625 0.5765625 0.13203125 0.09140625
0 0.340625 0.01484375 0.05390625 0.02890625
0 0.3734375 0.3890625 0.065625 0.05859375
0 0.3859375 0.33828125 0.04140625 0.0140625
0 0.43359375 0.2515625 0.090625 0.08046875
0 0.41328125 0.30703125 0.0390625 0.02734375
0 0.4234375 0.1796875 0.0359375 0.06328125
0 0.428125 0.44140625 0.0265625 0.02421875
0 0.45 0.01171875 0.053125 0.0234375
0 0.4796875 0.525 0.1046875 0.06640625
0 0.45703125 0.4828125 0.04375 0.0375
0 0.453125 0.32578125 0.02578125 0.0328125
0 0.459375 0.06953125 0.0390625 0.0359375
0 0.46875 0.309375 0.046875 0.02265625
0 0.46875 0.69296875 0.0484375 0.03046875
0 0.4703125 0.12890625 0.0375 0.07578125
0 0.55546875 0.20625 0.16640625 0.12265625
0 0.5 0.328125 0.01796875 0.03046875
0 0.5171875 0.0515625 0.05 0.0546875
0 0.52109375 0.27890625 0.02421875 0.02578125
0 0.5671875 0.37421875 0.0890625 0.2015625
0 0.53828125 0.296875 0.01796875 0.046875
0 0.5484375 0.334375 0.0359375 0.03984375
0 0.69453125 0.078125 0.2921875 0.1328125
0 0.59296875 0.4796875 0.0375 0.0171875
0 0.5921875 0.5140625 0.0265625 0.02109375
0 0.659375 0.01640625 0.159375 0.0328125
0 0.60625 0.42578125 0.02578125 0.03828125
0 0.61640625 0.2796875 0.0375 0.0375
0 0.63359375 0.2921875 0.0390625 0.03359375
0 0.6828125 0.46875 0.03984375 0.06953125
0 0.6921875 0.2953125 0.0265625 0.03515625
0 0.86875 0.20234375 0.21796875 0.19453125
0 0.84921875 0.46015625 0.0828125 0.07890625
0 0.8796875 0.63515625 0.1015625 0.06640625
0 0.8859375 0.52109375 0.08125 0.103125
0 0.92578125 0.39140625 0.11640625 0.12734375