0 0.04765625 0.63984375 0.0953125 0.0828125
0 0.08984375 0.8078125 0.1796875 0.18046875
0 0.0765625 0.66796875 0.13671875 0.06015625
0 0.1828125 0.57578125 0.10390625 0.21015625
0 0.19140625 0.44921875 0.0984375 0.21484375
0 0.2609375 0.64921875 0.2078125 0.14296875
0 0.2015625 0.94296875 0.0671875 0.11171875
0 0.221875 0.61171875 0.09140625 0.165625
0 0.28359375 0.79921875 0.0375 0.221875
0 0.29296875 0.96484375 0.05078125 0.06796875
0 0.340625 0.44296875 0.13046875 0.21328125
0 0.34453125 0.096875 0.1046875 0.17265625
0 0.35234375 0.81015625 0.07890625 0.27265625
0 0.39296875 0.4046875 0.0953125 0.2046875
0 0.4328125 0.153125 0.15234375 0.146875
0 0.44296875 0.69921875 0.12578125 0.2015625
0 0.5078125 0.309375 0.17578125 0.15859375
0 0.4921875 0.58984375 0.1234375 0.17890625
0 0.5546875 0.821875 0.16015625 0.22109375
0 0.55703125 0.4953125 0.1078125 0.23046875
0 0.634375 0.56796875 0.165625 0.19140625
0 0.6828125 0.40390625 0.096875 0.1828125
0 0.7 0.20390625 0.07890625 0.23046875
0 0.709375 0.62734375 0.0515625 0.203125
0 0.76875 0.0375 0.0921875 0.075