0 0.49921875 0.48828125 0.9984375 0.4796875
0 0.0359375 0.69609375 0.04296875 0.02578125
0 0.07578125 0.16015625 0.09609375 0.0328125
0 0.12578125 0.959375 0.190625 0.06796875
0 0.0765625 0.1765625 0.08828125 0.0171875
0 0.121875 0.64609375 0.09765625 0.08359375
0 0.13515625 0.13046875 0.10234375 0.0203125
0 0.16875 0.21171875 0.07734375 0.0203125
0 0.1890625 0.98203125 0.06328125 0.034375
0 0.1890625 0.14453125 0.05 0.01171875
0 0.2046875 0.23203125 0.06796875 0.0140625
0 0.21640625 0.16015625 0.08671875 0.015625
0 0.2328125 0.8046875 0.09609375 0.0375
0 0.24140625 0.2453125 0.08203125 0.01015625
0 0.24921875 0.10703125 0.084375 0.021875
0 0.25078125 0.090625 0.06796875 0.0171875
0 0.2703125 0.21640625 0.06171875 0.0203125
0 0.28828125 0.00859375 0.0984375 0.0171875
0 0.296875 0.8328125 0.1 0.0359375
0 0.3078125 0.0359375 0.1 0.02890625
0 0.32265625 0.128125 0.11171875 0.021875
0 0.3078125 0.846875 0.07734375 0.06171875
0 0.325 0.0703125 0.08828125 0.03046875
0 0.33984375 0.1015625 0.09609375 0.0203125
0 0.3828125 0.878125 0.1640625 0.0546875
0 0.340625 0.7640625 0.03828125 0.0359375
0 0.4125 0.79453125 0.09140625 0.075
0 0.79765625 0.28125 0.08203125 0.03046875