0 0.64140625 0.55703125 0.4421875 0.42734375
0 0.0109375 0.5765625 0.02109375 0.01953125
0 0.0578125 0.8796875 0.08515625 0.02734375
0 0.06796875 0.8484375 0.06953125 0.0328125
0 0.09453125 0.76015625 0.06796875 0.03671875
0 0.1 0.5609375 0.04765625 0.05234375
0 0.1578125 0.10078125 0.0453125 0.04296875
0 0.1703125 0.0828125 0.04375 0.0765625
0 0.20390625 0.3453125 0.08203125 0.11484375
0 0.24140625 0.17109375 0.03828125 0.0171875
0 0.278125 0.1890625 0.02421875 0.046875
0 0.43046875 0.9515625 0.028125 0.04453125