0 0.0828125 0.684375 0.16484375 0.27109375
0 0.22734375 0.465625 0.2765625 0.18828125
0 0.23671875 0.5828125 0.2796875 0.1921875
0 0.3640625 0.3296875 0.3046875 0.2
0 0.37265625 0.83125 0.28828125 0.33515625
0 0.49765625 0.6421875 0.31796875 0.25625
0 0.48984375 0.48359375 0.27578125 0.18515625
0 0.66328125 0.45546875 0.3125 0.33671875
0 0.690625 0.63359375 0.2546875 0.18515625
0 0.759375 0.21875 0.38046875 0.2
0 0.72734375 0.79140625 0.1328125 0.17734375
0 0.8140625 0.38828125 0.25625 0.309375
0 0.90703125 0.675 0.134375 0.1734375
0 0.96171875 0.38125 0.075 0.11328125
0 0.98359375 0.3921875 0.03125 0.13671875