0 0.03203125 0.7609375 0.0640625 0.2515625
0 0.0484375 0.44609375 0.09609375 0.2609375
0 0.05 0.9359375 0.078125 0.1265625
0 0.06953125 0.68515625 0.0921875 0.13671875
0 0.1234375 0.63046875 0.10234375 0.146875
0 0.13046875 0.284375 0.10625 0.146875
0 0.1265625 0.73125 0.046875 0.1234375
0 0.146875 0.4375 0.0765625 0.15234375
0 0.178125 0.92578125 0.1265625 0.146875
0 0.21953125 0.8359375 0.15859375 0.253125
0 0.18828125 0.4390625 0.0796875 0.15625
0 0.2171875 0.38984375 0.06484375 0.14453125
0 0.26484375 0.64921875 0.14765625 0.30625
0 0.2375 0.1984375 0.0796875 0.1421875
0 0.27734375 0.08046875 0.1421875 0.1609375
0 0.30703125 0.3484375 0.12421875 0.17734375
0 0.2890625 0.48125 0.0578125 0.0984375
0 0.3109375 0.62421875 0.1015625 0.18125
0 0.34140625 0.10234375 0.1 0.178125
0 0.3734375 0.37890625 0.12578125 0.23046875
0 0.43046875 0.8171875 0.18046875 0.3640625
0 0.4046875 0.8390625 0.1265625 0.3203125
0 0.46875 0.309375 0.1703125 0.32421875
0 0.4640625 0.375 0.128125 0.34296875
0 0.465625 0.90703125 0.121875 0.18515625
0 0.559375 0.7390625 0.1359375 0.2453125
0 0.58828125 0.26875 0.0453125 0.2421875
0 0.62734375 0.63125 0.0296875 0.29375
0 0.64453125 0.91328125 0.03828125 0.171875
0 0.6953125 0.13671875 0.10390625 0.18203125
0 0.6796875 0.759375 0.0484375 0.27421875
0 0.71171875 0.484375 0.0546875 0.225
0 0.79140625 0.90859375 0.2015625 0.18125
0 0.8046875 0.53515625 0.09765625 0.2421875
0 0.80546875 0.39140625 0.0625 0.11796875
0 0.8328125 0.71328125 0.0203125 0.17421875
0 0.93671875 0.684375 0.125 0.2359375
0 0.96015625 0.64375 0.078125 0.08203125