0 0.85 0.4484375 0.1546875 0.14453125
0 0.121875 0.740625 0.20078125 0.06875
0 0.125 0.80703125 0.20078125 0.0953125
0 0.16796875 0.6453125 0.28359375 0.053125
0 0.1203125 0.94140625 0.1859375 0.07890625
0 0.140625 0.47265625 0.196875 0.13046875
0 0.16875 0.59296875 0.24296875 0.06875
0 0.26796875 0.8640625 0.409375 0.14375
0 0.26875 0.6890625 0.3484375 0.10703125
0 0.2078125 0.546875 0.22421875 0.04609375
0 0.32421875 0.9421875 0.32109375 0.08828125
0 0.39609375 0.59453125 0.19375 0.1203125
0 0.37421875 0.49921875 0.13125 0.0703125
0 0.34453125 0.83828125 0.0296875 0.021875
0 0.35078125 0.7484375 0.0359375 0.0359375
0 0.42578125 0.71640625 0.03125 0.0234375
0 0.4375 0.8484375 0.02421875 0.025
0 0.503125 0.796875 0.1421875 0.3484375
0 0.5015625 0.5265625 0.1171875 0.17421875
0 0.503125 0.41484375 0.09453125 0.04921875
0 0.4703125 0.834375 0.01640625 0.04921875
0 0.62578125 0.59453125 0.2125 0.12734375
0 0.65078125 0.93984375 0.26328125 0.0859375
0 0.5953125 0.49609375 0.1203125 0.07578125
0 0.63125 0.79375 0.1203125 0.09296875
0 0.5984375 0.8828125 0.03828125 0.02421875
0 0.68125 0.834375 0.14453125 0.0609375
0 0.80390625 0.88046875 0.37265625 0.11875
0 0.7640625 0.70625 0.28125 0.13046875
0 0.859375 0.63671875 0.26171875 0.08125
0 0.8453125 0.7828125 0.2203125 0.11171875
0 0.87890625 0.553125 0.22265625 0.065625
0 0.9171875 0.58984375 0.14296875 0.053125
0 0.9265625 0.36640625 0.1203125 0.05