0 0.0265625 0.9171875 0.053125 0.1625
0 0.1078125 0.878125 0.1109375 0.2421875
0 0.38046875 0.7921875 0.496875 0.41328125
0 0.44453125 0.17265625 0.3 0.2375
0 0.54375 0.78125 0.29609375 0.271875
0 0.55390625 0.7375 0.2171875 0.24375
0 0.578125 0.64375 0.1984375 0.17109375
0 0.69765625 0.5984375 0.3359375 0.19296875
0 0.6515625 0.92734375 0.19375 0.14296875
0 0.703125 0.85390625 0.1921875 0.28984375
0 0.69375 0.56796875 0.1703125 0.16171875
0 0.71640625 0.53515625 0.20234375 0.12734375
0 0.73984375 0.4765625 0.1734375 0.09765625
0 0.7984375 0.8359375 0.26875 0.3265625
0 0.8 0.4484375 0.17578125 0.10703125
0 0.7640625 0.6 0.06796875 0.090625
0 0.86953125 0.8375 0.26015625 0.32265625
0 0.83046875 0.39765625 0.10625 0.05390625
0 0.88984375 0.784375 0.21953125 0.39375
0 0.89765625 0.6890625 0.20390625 0.34921875
0 0.88984375 0.39765625 0.1515625 0.10078125
0 0.90703125 0.60078125 0.18515625 0.265625
0 0.925 0.51640625 0.1484375 0.20234375
0 0.96796875 0.45859375 0.06328125 0.071875
0 0.971875 0.40859375 0.0546875 0.06015625