0 0.02578125 0.41484375 0.01953125 0.02890625
0 0.065625 0.7390625 0.0765625 0.0578125
0 0.071875 0.33515625 0.01640625 0.01953125
0 0.09921875 0.246875 0.0203125 0.034375
0 0.103125 0.45546875 0.01953125 0.021875
0 0.1421875 0.3953125 0.0140625 0.01875
0 0.1421875 0.18203125 0.00625 0.01484375
0 0.16875 0.9171875 0.015625 0.0140625
0 0.19140625 0.21953125 0.0203125 0.0203125
0 0.2015625 0.36640625 0.01875 0.034375
0 0.2015625 0.78359375 0.00625 0.01875
0 0.21171875 0.8296875 0.01171875 0.053125
0 0.253125 0.7859375 0.0046875 0.0203125
0 0.33046875 0.21875 0.01640625 0.01875
0 0.3328125 0.709375 0.01640625 0.028125
0 0.35625 0.96015625 0.03515625 0.0421875
0 0.36015625 0.87890625 0.0265625 0.04765625
0 0.35625 0.571875 0.01640625 0.03828125
0 0.4125 0.203125 0.02578125 0.01953125
0 0.415625 0.496875 0.0140625 0.01484375
0 0.46015625 0.6296875 0.03984375 0.0546875
0 0.4671875 0.7015625 0.0328125 0.06015625
0 0.51328125 0.73203125 0.01796875 0.021875
0 0.521875 0.3515625 0.01171875 0.015625
0 0.53671875 0.56953125 0.03984375 0.05
0 0.540625 0.684375 0.0140625 0.0140625
0 0.64921875 0.6140625 0.0234375 0.015625
0 0.7359375 0.43125 0.0234375 0.02265625
0 0.7359375 0.60859375 0.01640625 0.01953125
0 0.7671875 0.17109375 0.03515625 0.03125
0 0.8296875 0.45078125 0.0515625 0.03828125
0 0.83984375 0.3125 0.04140625 0.03828125
0 0.9046875 0.45703125 0.01171875 0.01875