0 0.4078125 0.4921875 0.3609375 0.2375
0 0.11484375 0.36640625 0.2296875 0.1546875
0 0.12421875 0.778125 0.2484375 0.18671875
0 0.2921875 0.91171875 0.584375 0.1640625
0 0.084375 0.5234375 0.15625 0.13046875
0 0.521875 0.75546875 0.55703125 0.196875
0 0.375 0.253125 0.1515625 0.07265625
0 0.75 0.92421875 0.4984375 0.15
0 0.64609375 0.28203125 0.125 0.0984375
0 0.71484375 0.16015625 0.1453125 0.11015625
0 0.82890625 0.79453125 0.34140625 0.2328125
0 0.86953125 0.2984375 0.259375 0.2359375
0 0.89375 0.5921875 0.21171875 0.12109375