0 0.53515625 0.48828125 0.24375 0.34453125
0 0.1734375 0.059375 0.0609375 0.05
0 0.2625 0.71171875 0.1953125 0.19453125
0 0.2953125 0.046875 0.0515625 0.0515625
0 0.36953125 0.82734375 0.0453125 0.0703125
0 0.50078125 0.30859375 0.0234375 0.03828125
0 0.56796875 0.3328125 0.04609375 0.0359375
0 0.56328125 0.01171875 0.021875 0.0171875
0 0.5921875 0.265625 0.03984375 0.02734375
0 0.665625 0.021875 0.0296875 0.03046875
0 0.66953125 0.3640625 0.01640625 0.03359375
0 0.68984375 0.39921875 0.0109375 0.02734375
0 0.7078125 0.36015625 0.01015625 0.02578125
0 0.7328125 0.3296875 0.0171875 0.02265625
0 0.78125 0.9671875 0.01953125 0.0546875
0 0.8078125 0.27578125 0.02734375 0.02109375
0 0.8515625 0.11796875 0.03984375 0.0328125
0 0.8796875 0.19453125 0.03515625 0.02734375
0 0.90234375 0.38125 0.0265625 0.02265625
0 0.90546875 0.44296875 0.0203125 0.01796875
0 0.9453125 0.25390625 0.01796875 0.02265625
0 0.9515625 0.24609375 0.01796875 0.0171875
0 0.9765625 0.1328125 0.0453125 0.0453125
0 0.9875 0.1828125 0.0234375 0.0515625
0 0.98828125 0.31640625 0.021875 0.02265625