0 0.11640625 0.50703125 0.2328125 0.59609375
0 0.41640625 0.59296875 0.61484375 0.5890625
0 0.3171875 0.79921875 0.37734375 0.27890625
0 0.3546875 0.2484375 0.33515625 0.25390625
0 0.3125 0.90546875 0.24453125 0.1875
0 0.446875 0.53515625 0.48203125 0.6078125
0 0.2890625 0.121875 0.0578125 0.0609375
0 0.50625 0.5203125 0.47109375 0.753125
0 0.55 0.81484375 0.54375 0.36796875
0 0.53359375 0.94453125 0.31015625 0.11015625
0 0.63828125 0.5578125 0.3890625 0.40390625
0 0.53671875 0.3390625 0.1171875 0.125
0 0.778125 0.5390625 0.4421875 0.56015625
0 0.82578125 0.84765625 0.25078125 0.30234375
0 0.8546875 0.390625 0.2890625 0.2984375
0 0.8578125 0.26328125 0.15234375 0.14296875
0 0.90703125 0.2375 0.18515625 0.0984375
0 0.9140625 0.86953125 0.17109375 0.259375
0 0.91796875 0.43359375 0.16328125 0.1484375
0 0.9203125 0.21328125 0.1578125 0.0953125