0 0.490625 0.78125 0.2234375 0.19765625
0 0.16328125 0.0375 0.02578125 0.053125
0 0.1828125 0.01171875 0.05 0.0234375
0 0.2625 0.5390625 0.17421875 0.103125
0 0.246875 0.01171875 0.078125 0.0234375
0 0.48359375 0.34765625 0.17421875 0.0984375
0 0.440625 0.15 0.05 0.0515625
0 0.61640625 0.49765625 0.2796875 0.2046875
0 0.62265625 0.16484375 0.0296875 0.04296875
0 0.653125 0.64453125 0.06171875 0.12421875
0 0.665625 0.1328125 0.0171875 0.03046875
0 0.7234375 0.0828125 0.0171875 0.046875
0 0.7390625 0.19140625 0.03125 0.06484375
0 0.934375 0.4953125 0.1296875 0.0875
0 0.89453125 0.17421875 0.0359375 0.0375