0 0.5421875 0.10390625 0.19140625 0.18828125
0 0.1203125 0.1125 0.08203125 0.084375
0 0.1953125 0.1734375 0.06796875 0.05234375
0 0.2875 0.1625 0.08046875 0.046875
0 0.3453125 0.2140625 0.1265625 0.05390625
0 0.4046875 0.1359375 0.05078125 0.0453125
0 0.5859375 0.2875 0.0859375 0.046875
0 0.64921875 0.4328125 0.1890625 0.07421875
0 0.615625 0.0484375 0.0625 0.04375
0 0.6890625 0.06015625 0.13828125 0.0609375
0 0.70078125 0.29609375 0.11328125 0.0515625
0 0.74296875 0.36015625 0.0953125 0.06328125
0 0.79375 0.3328125 0.13671875 0.05390625
0 0.9171875 0.1046875 0.1625 0.125