0 0.00625 0.1828125 0.0125 0.01015625
0 0.00703125 0.08125 0.0140625 0.0140625
0 0.0078125 0.26875 0.015625 0.021875
0 0.03828125 0.14375 0.0765625 0.04140625
0 0.01328125 0.2515625 0.0234375 0.01796875
0 0.028125 0.178125 0.028125 0.0140625
0 0.0234375 0.28671875 0.01640625 0.01875
0 0.025 0.02109375 0.0171875 0.02109375
0 0.02734375 0.1984375 0.0203125 0.01015625
0 0.0265625 0.05625 0.0140625 0.01640625
0 0.03359375 0.2109375 0.025 0.01171875
0 0.071875 0.3328125 0.090625 0.06015625
0 0.03359375 0.26484375 0.0078125 0.0171875
0 0.0375 0.06953125 0.0171875 0.01015625
0 0.0484375 0.196875 0.03359375 0.01015625
0 0.0578125 0.0328125 0.01484375 0.0125
0 0.06015625 0.08203125 0.0109375 0.0125
0 0.06875 0.28515625 0.028125 0.015625
0 0.071875 0.06953125 0.02109375 0.01015625
0 0.0703125 0.00234375 0.0140625 0.0046875
0 0.1 0.0328125 0.06796875 0.02890625
0 0.08203125 0.178125 0.01015625 0.0140625
0 0.09765625 0.053125 0.01953125 0.015625
0 0.09765625 0.21640625 0.01953125 0.0125
0 0.11171875 0.275 0.0078125 0.00703125
0 0.12734375 0.2515625 0.0125 0.0140625
0 0.13515625 0.27421875 0.021875 0.00859375
0 0.146875 0.18203125 0.021875 0.01171875
0 0.14609375 0.05546875 0.01796875 0.01796875
0 0.146875 0.16015625 0.0140625 0.01328125
0 0.1484375 0.01796875 0.00703125 0.0140625
0 0.159375 0.1265625 0.01953125 0.025
0 0.1625 0.03125 0.0125 0.0109375
0 0.17109375 0.3296875 0.0234375 0.0125
0 0.1734375 0.38203125 0.0203125 0.0171875
0 0.16875 0.0671875 0.0078125 0.0265625
0 0.18828125 0.3640625 0.028125 0.01171875
0 0.19140625 0.38671875 0.01640625 0.02109375
0 0.18828125 0.0203125 0.00546875 0.0140625
0 0.203125 0.13046875 0.0234375 0.02265625
0 0.2 0.0078125 0.0125 0.01015625
0 0.203125 0.36796875 0.01484375 0.0171875
0 0.20625 0.17578125 0.01796875 0.01015625
0 0.2015625 0.246875 0.00703125 0.0125
0 0.20859375 0.1875 0.0125 0.0140625
0 0.22109375 0.3828125 0.0234375 0.0125
0 0.23359375 0.3984375 0.02109375 0.0140625
0 0.234375 0.271875 0.00859375 0.01015625
0 0.2421875 0.06953125 0.0234375 0.03046875
0 0.24296875 0.3421875 0.021875 0.01796875
0 0.2421875 0.1015625 0.015625 0.01171875
0 0.2515625 0.38828125 0.0328125 0.015625
0 0.25078125 0.13046875 0.01953125 0.01640625
0 0.30703125 0.07421875 0.0109375 0.0140625
0 0.31875 0.10234375 0.0234375 0.01171875
0 0.346875 0.41015625 0.05703125 0.0375
0 0.33671875 0.0828125 0.0234375 0.015625
0 0.375 0.1453125 0.0171875 0.0140625
0 0.375 0.01796875 0.00703125 0.0125
0 0.40703125 0.14921875 0.0234375 0.01015625
0 0.42109375 0.175 0.00859375 0.01015625
0 0.72421875 0.15078125 0.55 0.3015625
0 0.48046875 0.93125 0.01953125 0.04609375
0 0.67109375 0.68359375 0.0765625 0.0484375
0 0.75078125 0.93125 0.028125 0.04921875
0 0.83203125 0.9890625 0.025 0.02109375
0 0.9265625 0.68515625 0.0828125 0.03359375
0 0.9296875 0.85859375 0.07265625 0.065625
0 0.93828125 0.3734375 0.0265625 0.0203125
0 0.9453125 0.90859375 0.0140625 0.04765625