0 0.0328125 0.5890625 0.06484375 0.23125
0 0.03125 0.45078125 0.04765625 0.03671875
0 0.0453125 0.39453125 0.05546875 0.05859375
0 0.0359375 0.515625 0.0203125 0.03046875
0 0.065625 0.7375 0.08046875 0.06953125
0 0.04609375 0.72265625 0.03046875 0.0953125
0 0.0953125 0.125 0.10625 0.06015625
0 0.0703125 0.52734375 0.01796875 0.03125
0 0.10390625 0.4546875 0.0609375 0.02890625
0 0.1125 0.56953125 0.07421875 0.05
0 0.10703125 0.4765625 0.0375 0.040625
0 0.121875 0.6734375 0.04453125 0.0328125
0 0.140625 0.79140625 0.0484375 0.115625
0 0.29609375 0.43046875 0.31875 0.24296875
0 0.17734375 0.60546875 0.07578125 0.1328125
0 0.23125 0.29921875 0.1546875 0.22578125
0 0.18984375 0.2078125 0.0671875 0.0734375
0 0.20234375 0.50390625 0.0921875 0.09609375
0 0.20390625 0.803125 0.05625 0.11953125
0 0.25078125 0.971875 0.071875 0.05390625
0 0.27109375 0.66875 0.078125 0.05
0 0.35625 0.6375 0.228125 0.1625
0 0.32578125 0.95 0.13671875 0.09296875
0 0.328125 0.38203125 0.140625 0.09765625
0 0.30234375 0.68125 0.03046875 0.1046875
0 0.37734375 0.5890625 0.0515625 0.18125
0 0.41953125 0.95546875 0.0578125 0.0875
0 0.4203125 0.18671875 0.028125 0.06875
0 0.5734375 0.47421875 0.30234375 0.484375
0 0.46875 0.715625 0.0875 0.1328125
0 0.4765625 0.5921875 0.071875 0.0953125
0 0.47421875 0.93984375 0.06484375 0.11875
0 0.5234375 0.828125 0.11640625 0.071875
0 0.50625 0.70859375 0.059375 0.11171875
0 0.56875 0.93203125 0.07421875 0.08359375
0 0.59453125 0.190625 0.1125 0.07734375
0 0.57890625 0.73828125 0.0765625 0.1046875
0 0.584375 0.8515625 0.08203125 0.11171875
0 0.665625 0.66640625 0.13046875 0.11171875
0 0.6578125 0.49375 0.078125 0.03828125
0 0.6984375 0.41796875 0.0890625 0.19296875
0 0.7203125 0.68828125 0.1265625 0.13359375
0 0.7328125 0.39296875 0.15234375 0.1671875
0 0.72265625 0.7734375 0.10234375 0.07890625
0 0.71015625 0.86015625 0.07578125 0.12109375
0 0.7625 0.2796875 0.10390625 0.04296875
0 0.79140625 0.48515625 0.13828125 0.10234375
0 0.7625 0.753125 0.04296875 0.10078125
0 0.80625 0.45078125 0.10625 0.10234375
0 0.8078125 0.909375 0.05390625 0.07265625
0 0.84375 0.7203125 0.11171875 0.1421875
0 0.8234375 0.86796875 0.06484375 0.16484375
0 0.8875 0.14609375 0.134375 0.259375
0 0.9046875 0.7 0.15859375 0.13359375
0 0.87265625 0.9 0.08828125 0.14453125
0 0.9265625 0.5265625 0.10390625 0.11015625
0 0.93828125 0.36640625 0.10390625 0.125
0 0.9625 0.284375 0.07421875 0.23515625