0 0.11640625 0.54375 0.084375 0.32578125
0 0.13671875 0.565625 0.125 0.425
0 0.203125 0.5625 0.1453125 0.525
0 0.2578125 0.5375 0.121875 0.48203125
0 0.3046875 0.47421875 0.1046875 0.4515625
0 0.36875 0.540625 0.12265625 0.71484375
0 0.44296875 0.53515625 0.14609375 0.77734375
0 0.51328125 0.39765625 0.06953125 0.5015625
0 0.61171875 0.53046875 0.17734375 0.7625
0 0.725 0.42265625 0.15859375 0.68984375
0 0.8046875 0.5234375 0.2046875 0.74609375
0 0.9015625 0.475 0.1953125 0.76015625
0 0.94765625 0.26171875 0.10390625 0.2078125
0 0.9546875 0.27578125 0.0890625 0.196875
0 0.959375 0.23046875 0.08046875 0.25859375
0 0.98125 0.1828125 0.0359375 0.134375