0 0.7453125 0.603125 0.08671875 0.1515625
0 0.075 0.6515625 0.04296875 0.0625
0 0.096875 0.5609375 0.053125 0.103125
0 0.234375 0.4578125 0.2015625 0.22109375
0 0.16640625 0.56484375 0.053125 0.1109375
0 0.228125 0.671875 0.03359375 0.059375
0 0.25 0.6953125 0.0296875 0.04765625
0 0.3046875 0.78203125 0.053125 0.0734375
0 0.4265625 0.45 0.14296875 0.14765625
0 0.42265625 0.6015625 0.0953125 0.13984375
0 0.50234375 0.75078125 0.2453125 0.18828125
0 0.565625 0.58125 0.021875 0.05546875
0 0.91640625 0.81328125 0.05 0.07734375