0 0.09609375 0.896875 0.1921875 0.2046875
0 0.09921875 0.6125 0.1078125 0.22734375
0 0.12265625 0.346875 0.1125 0.05703125
0 0.15390625 0.63359375 0.078125 0.23828125
0 0.1890625 0.925 0.1234375 0.1484375
0 0.25703125 0.590625 0.24375 0.24609375
0 0.2234375 0.38515625 0.1390625 0.096875
0 0.2515625 0.25390625 0.15859375 0.04765625
0 0.4109375 0.40234375 0.428125 0.15390625
0 0.48671875 0.60625 0.384375 0.17734375
0 0.43515625 0.80703125 0.2515625 0.25625
0 0.575 0.50078125 0.3453125 0.15
0 0.775 0.14921875 0.196875 0.08828125
0 0.809375 0.6109375 0.25390625 0.34453125
0 0.7875 0.45546875 0.14140625 0.24453125
0 0.91171875 0.25546875 0.175 0.23046875
0 0.925 0.48828125 0.1484375 0.12890625