0 0.4640625 0.5125 0.88125 0.3
0 0.03515625 0.3109375 0.0703125 0.08125
0 0.1515625 0.4421875 0.11015625 0.12734375
0 0.26015625 0.38125 0.09296875 0.14296875
0 0.3203125 0.37578125 0.0875 0.07109375
0 0.46171875 0.38203125 0.10703125 0.08671875
0 0.50390625 0.11328125 0.04765625 0.04140625
0 0.534375 0.25078125 0.07578125 0.04296875
0 0.565625 0.34453125 0.08828125 0.0609375
0 0.7125 0.13984375 0.071875 0.12421875
0 0.790625 0.81171875 0.15390625 0.14453125
0 0.7796875 0.21640625 0.078125 0.05703125
0 0.77109375 0.35546875 0.04453125 0.0703125
0 0.87890625 0.68359375 0.07890625 0.0578125
0 0.940625 0.61875 0.11796875 0.0953125
0 0.971875 0.2421875 0.02890625 0.05625