0 0.20234375 0.5859375 0.1296875 0.11171875
0 0.278125 0.53203125 0.07109375 0.08046875
0 0.290625 0.3828125 0.0375 0.07578125
0 0.32734375 0.41875 0.09453125 0.0328125
0 0.35390625 0.3125 0.04375 0.06171875
0 0.36328125 0.390625 0.04765625 0.05
0 0.3796875 0.5171875 0.0765625 0.096875
0 0.3765625 0.4765625 0.06484375 0.065625
0 0.41015625 0.54609375 0.06953125 0.02578125
0 0.42109375 0.3125 0.05703125 0.0484375
0 0.41640625 0.44296875 0.0296875 0.08046875
0 0.42578125 0.2625 0.04140625 0.06171875
0 0.4734375 0.56171875 0.07890625 0.1046875
0 0.48125 0.475 0.0609375 0.1015625
0 0.5265625 0.51796875 0.0515625 0.03984375
0 0.5890625 0.37890625 0.1078125 0.046875
0 0.58203125 0.4421875 0.07421875 0.053125
0 0.5859375 0.4734375 0.08125 0.05703125
0 0.59375 0.5140625 0.0828125 0.08359375
0 0.62421875 0.48671875 0.0609375 0.08671875
0 0.65625 0.43046875 0.06328125 0.05
0 0.6515625 0.4234375 0.0265625 0.02578125
0 0.8125 0.35859375 0.1234375 0.13046875