0 0.1296875 0.4671875 0.0171875 0.02421875
0 0.13046875 0.58359375 0.00859375 0.02578125
0 0.159375 0.53046875 0.009375 0.02265625
0 0.1625 0.4484375 0.0140625 0.01328125
0 0.175 0.409375 0.0078125 0.00546875
0 0.1859375 0.57578125 0.01015625 0.01640625
0 0.18828125 0.53125 0.015625 0.0171875
0 0.19609375 0.40546875 0.0078125 0.0109375
0 0.203125 0.425 0.00859375 0.01171875
0 0.20546875 0.6984375 0.0140625 0.0515625
0 0.24140625 0.865625 0.0515625 0.02109375
0 0.22421875 0.44140625 0.0046875 0.0171875
0 0.25234375 0.4859375 0.00703125 0.0109375
0 0.26484375 0.45703125 0.00859375 0.00703125
0 0.28046875 0.44453125 0.00390625 0.01484375
0 0.29765625 0.4453125 0.01328125 0.00703125
0 0.31484375 0.775 0.03046875 0.01484375
0 0.378125 0.45625 0.0125 0.0125
0 0.384375 0.43359375 0.01171875 0.00546875
0 0.39453125 0.84453125 0.02578125 0.02421875
0 0.3984375 0.77265625 0.03125 0.04140625
0 0.39140625 0.4515625 0.009375 0.01015625
0 0.409375 0.4328125 0.0046875 0.0140625
0 0.42578125 0.428125 0.0078125 0.00859375
0 0.46171875 0.76640625 0.03125 0.02890625
0 0.4921875 0.63203125 0.04140625 0.0359375
0 0.7609375 0.74609375 0.053125 0.03984375
0 0.9046875 0.70859375 0.0375 0.040625