0 0.34609375 0.23828125 0.31796875 0.103125
0 0.05078125 0.9140625 0.09609375 0.08203125
0 0.06796875 0.328125 0.09609375 0.13984375
0 0.17578125 0.70703125 0.26484375 0.146875
0 0.1265625 0.9125 0.10625 0.06484375
0 0.25234375 0.740625 0.1515625 0.0484375
0 0.25625 0.971875 0.0578125 0.053125
0 0.3546875 0.60703125 0.23515625 0.05703125
0 0.3609375 0.9078125 0.11640625 0.05859375
0 0.35625 0.72734375 0.0609375 0.028125
0 0.36328125 0.8453125 0.065625 0.06640625
0 0.46484375 0.953125 0.16640625 0.0703125
0 0.44921875 0.49921875 0.1265625 0.04140625
0 0.48203125 0.83984375 0.0453125 0.04296875
0 0.49375 0.5859375 0.06328125 0.08515625
0 0.51484375 0.7765625 0.05546875 0.06015625
0 0.565625 0.74140625 0.09609375 0.046875
0 0.5671875 0.8953125 0.08828125 0.046875
0 0.62265625 0.9328125 0.06328125 0.0484375
0 0.61640625 0.765625 0.03515625 0.021875
0 0.6921875 0.753125 0.1109375 0.04296875
0 0.70546875 0.64609375 0.08359375 0.03515625
0 0.72734375 0.67890625 0.1265625 0.0515625
0 0.715625 0.80390625 0.09375 0.03203125
0 0.8484375 0.909375 0.07578125 0.021875
0 0.93828125 0.23515625 0.11875 0.0703125
0 0.9125 0.525 0.0375 0.03359375
0 0.95234375 0.86328125 0.090625 0.053125