0 0.05859375 0.42578125 0.1171875 0.1046875
0 0.16640625 0.7875 0.090625 0.103125
0 0.19375 0.7140625 0.0859375 0.0921875
0 0.20859375 0.63359375 0.09296875 0.08046875
0 0.275 0.89140625 0.09765625 0.1078125
0 0.38125 0.75546875 0.08671875 0.17890625
0 0.43125 0.5234375 0.09296875 0.12734375
0 0.55625 0.49609375 0.0703125 0.103125
0 0.5765625 0.634375 0.0671875 0.103125
0 0.62265625 0.5515625 0.13515625 0.12265625
0 0.63046875 0.70703125 0.13515625 0.10625
0 0.75390625 0.378125 0.11171875 0.115625
0 0.81171875 0.68984375 0.12890625 0.07109375
0 0.81875 0.58828125 0.1296875 0.12890625
0 0.89296875 0.5484375 0.1203125 0.11953125
0 0.91484375 0.4078125 0.1140625 0.09375