0 0.00625 0.25390625 0.0125 0.03671875
0 0.0078125 0.34453125 0.015625 0.0203125
0 0.015625 0.31484375 0.03125 0.02421875
0 0.01796875 0.296875 0.0359375 0.02734375
0 0.0234375 0.17578125 0.046875 0.034375
0 0.028125 0.37734375 0.05625 0.028125
0 0.02890625 0.078125 0.0578125 0.0328125
0 0.04375 0.903125 0.08671875 0.04375
0 0.44453125 0.6671875 0.8890625 0.66328125
0 0.03125 0.4171875 0.0296875 0.0171875
0 0.065625 0.225 0.0265625 0.05546875
0 0.071875 0.2203125 0.03984375 0.02734375
0 0.08125 0.05625 0.02578125 0.02265625
0 0.08671875 0.14609375 0.0328125 0.02890625
0 0.0984375 0.1875 0.04765625 0.03125
0 0.115625 0.81015625 0.078125 0.04375
0 0.1265625 0.1703125 0.0765625 0.034375
0 0.1046875 0.11328125 0.02578125 0.021875
0 0.178125 0.528125 0.11796875 0.028125
0 0.1359375 0.07421875 0.03203125 0.02890625
0 0.1625 0.02421875 0.0796875 0.04765625
0 0.16875 0.7265625 0.08984375 0.05
0 0.15625 0.12734375 0.0625 0.0265625
0 0.146875 0.1046875 0.0390625 0.01953125
0 0.16328125 0.14765625 0.0671875 0.021875
0 0.1546875 0.40703125 0.04453125 0.0234375
0 0.16328125 0.35859375 0.04765625 0.05
0 0.1703125 0.34296875 0.06015625 0.02734375
0 0.16328125 0.225 0.040625 0.02890625
0 0.16953125 0.290625 0.05 0.025
0 0.190625 0.18828125 0.084375 0.040625
0 0.1796875 0.3671875 0.05390625 0.0328125
0 0.23125 0.28203125 0.090625 0.02734375
0 0.19921875 0.37109375 0.021875 0.025
0 0.234375 0.08125 0.084375 0.034375
0 0.228125 0.23515625 0.05546875 0.025
0 0.2328125 0.28203125 0.0578125 0.03828125
0 0.2296875 0.1578125 0.05 0.02734375
0 0.24375 0.86328125 0.0671875 0.02265625
0 0.228125 0.309375 0.0328125 0.028125
0 0.25625 0.21640625 0.06953125 0.0296875
0 0.26015625 0.13671875 0.06796875 0.025
0 0.2765625 0.465625 0.0921875 0.0234375
0 0.26015625 0.0609375 0.0390625 0.009375
0 0.27890625 0.1578125 0.06640625 0.02734375
0 0.28671875 0.21015625 0.0640625 0.02421875
0 0.2859375 0.034375 0.05625 0.025
0 0.315625 0.78203125 0.10390625 0.040625
0 0.3015625 0.2625 0.0640625 0.040625
0 0.31015625 0.23671875 0.05625 0.021875
0 0.30703125 0.215625 0.01328125 0.0171875
0 0.32421875 0.2921875 0.04375 0.01953125
0 0.33671875 0.27578125 0.065625 0.0203125
0 0.3375 0.02734375 0.06015625 0.0203125
0 0.36484375 0.40234375 0.11484375 0.06015625
0 0.33125 0.159375 0.04609375 0.025
0 0.35 0.09453125 0.06796875 0.02734375
0 0.34296875 0.21875 0.0515625 0.02265625
0 0.3734375 0.13828125 0.0703125 0.01953125
0 0.38125 0.296875 0.06328125 0.0328125
0 0.3828125 0.178125 0.059375 0.025
0 0.4015625 0.209375 0.0734375 0.0421875
0 0.3984375 0.1578125 0.0546875 0.02890625
0 0.41484375 0.2171875 0.084375 0.03125
0 0.39375 0.2703125 0.04140625 0.0171875
0 0.4078125 0.06171875 0.05546875 0.04765625
0 0.4125 0.3078125 0.04765625 0.01484375
0 0.43671875 0.32421875 0.090625 0.025
0 0.4375 0.26796875 0.0921875 0.0484375
0 0.46484375 0.13359375 0.08671875 0.0234375
0 0.46171875 0.82578125 0.06328125 0.07890625
0 0.48671875 0.18046875 0.1078125 0.02734375
0 0.4671875 0.38515625 0.05390625 0.025
0 0.4828125 0.2484375 0.08203125 0.034375
0 0.47734375 0.0546875 0.05859375 0.02734375
0 0.48203125 0.20234375 0.0421875 0.01328125
0 0.54296875 0.7203125 0.1046875 0.04609375
0 0.509375 0.3734375 0.02421875 0.021875
0 0.5171875 0.2515625 0.0390625 0.03125
0 0.54375 0.20859375 0.071875 0.025
0 0.51875 0.28671875 0.0125 0.03125
0 0.534375 0.1359375 0.04453125 0.03125
0 0.540625 0.328125 0.04296875 0.021875
0 0.56875 0.909375 0.0921875 0.03125
0 0.565625 0.2828125 0.0765625 0.034375
0 0.5765625 0.16953125 0.0953125 0.03828125
0 0.5671875 0.09765625 0.05625 0.0328125
0 0.565625 0.08984375 0.0453125 0.04609375
0 0.6109375 0.128125 0.0671875 0.03828125
0 0.6234375 0.4078125 0.0734375 0.02734375
0 0.63828125 0.2265625 0.08203125 0.03671875
0 0.64375 0.27421875 0.071875 0.0578125
0 0.6390625 0.10546875 0.03046875 0.03671875
0 0.646875 0.3 0.03203125 0.0328125
0 0.6484375 0.090625 0.01640625 0.01796875
0 0.6984375 0.5015625 0.0921875 0.02890625
0 0.6890625 0.18125 0.0640625 0.0171875
0 0.671875 0.10234375 0.02578125 0.02734375
0 0.67265625 0.08203125 0.0265625 0.0234375
0 0.6796875 0.2 0.0296875 0.01796875
0 0.68203125 0.321875 0.03359375 0.034375
0 0.69296875 0.1296875 0.03828125 0.01953125
0 0.7203125 0.42890625 0.09140625 0.04609375
0 0.7015625 0.0859375 0.0515625 0.0234375
0 0.7109375 0.209375 0.06953125 0.02890625
0 0.690625 0.26484375 0.0265625 0.0203125
0 0.7203125 0.225 0.0515625 0.05234375
0 0.7671875 0.12890625 0.09453125 0.040625
0 0.7421875 0.2078125 0.034375 0.03671875
0 0.7609375 0.271875 0.0484375 0.03671875
0 0.7453125 0.31171875 0.0171875 0.02265625
0 0.765625 0.1609375 0.0453125 0.03125
0 0.77265625 0.3375 0.040625 0.04375
0 0.79296875 0.2140625 0.0703125 0.02734375
0 0.778125 0.24609375 0.03984375 0.02890625
0 0.77734375 0.31015625 0.0375 0.028125
0 0.784375 0.05703125 0.01953125 0.03828125
0 0.803125 0.371875 0.05625 0.01796875
0 0.81484375 0.1734375 0.0765625 0.025
0 0.815625 0.0671875 0.0203125 0.09375
0 0.83828125 0.3171875 0.02421875 0.03671875
0 0.84453125 0.21875 0.02421875 0.02265625
0 0.86171875 0.1703125 0.04140625 0.0234375
0 0.87265625 0.3 0.0296875 0.0171875