0 0.06640625 0.61015625 0.03359375 0.02734375
0 0.125 0.64296875 0.01328125 0.01875
0 0.146875 0.7484375 0.04453125 0.03046875
0 0.146875 0.6 0.03203125 0.01640625
0 0.16015625 0.66875 0.0375 0.02265625
0 0.190625 0.68359375 0.03046875 0.03515625
0 0.28984375 0.58203125 0.05 0.03671875
0 0.278125 0.72421875 0.01171875 0.01875
0 0.3484375 0.65703125 0.0265625 0.02109375
0 0.3734375 0.578125 0.0390625 0.03359375
0 0.3859375 0.76640625 0.02734375 0.01640625
0 0.4109375 0.49609375 0.046875 0.03515625
0 0.425 0.66328125 0.06796875 0.046875
0 0.4390625 0.47890625 0.02734375 0.00859375
0 0.46484375 0.84453125 0.0296875 0.03515625
0 0.4671875 0.6671875 0.01484375 0.015625
0 0.51171875 0.43828125 0.03671875 0.015625
0 0.5328125 0.6484375 0.025 0.02421875
0 0.5390625 0.73671875 0.025 0.03828125
0 0.59453125 0.5984375 0.0640625 0.05546875
0 0.6171875 0.4125 0.02734375 0.03125
0 0.634375 0.76171875 0.040625 0.05859375
0 0.696875 0.55078125 0.0171875 0.01953125
0 0.7546875 0.6484375 0.0578125 0.059375
0 0.7984375 0.45625 0.01953125 0.01015625
0 0.8640625 0.578125 0.05 0.03359375
0 0.928125 0.515625 0.0234375 0.01875