0 0.38515625 0.49921875 0.7703125 0.9984375
0 0.29453125 0.984375 0.125 0.02734375
0 0.409375 0.928125 0.1203125 0.05
0 0.57578125 0.75859375 0.08671875 0.02421875
0 0.5828125 0.8078125 0.09140625 0.0359375
0 0.5828125 0.67578125 0.08125 0.01953125
0 0.590625 0.72578125 0.090625 0.02890625
0 0.6421875 0.69921875 0.11640625 0.02890625
0 0.6234375 0.76015625 0.07265625 0.034375
0 0.646875 0.6828125 0.0953125 0.02421875
0 0.65078125 0.6546875 0.07890625 0.02890625
0 0.69453125 0.02109375 0.065625 0.02265625
0 0.70859375 0.0421875 0.071875 0.02421875
0 0.72734375 0.3390625 0.0921875 0.02890625
0 0.73515625 0.36796875 0.06875 0.02578125
0 0.73828125 0.40390625 0.075 0.034375
0 0.7515625 0.6296875 0.08671875 0.040625
0 0.73984375 0.30234375 0.0609375 0.02421875
0 0.7515625 0.02578125 0.07734375 0.03046875
0 0.76015625 0.20390625 0.0921875 0.02578125
0 0.7546875 0.56328125 0.07265625 0.02421875
0 0.771875 0.47734375 0.09453125 0.02578125
0 0.76875 0.184375 0.08046875 0.015625
0 0.76328125 0.16015625 0.065625 0.0125
0 0.7875 0.071875 0.0921875 0.0203125
0 0.78046875 0.11796875 0.07265625 0.03046875
0 0.78203125 0.00546875 0.0734375 0.0109375
0 0.7671875 0.23125 0.0375 0.02265625
0 0.78203125 0.30625 0.0640625 0.01953125
0 0.78984375 0.6234375 0.0796875 0.0328125
0 0.796875 0.52734375 0.08125 0.02578125
0 0.81171875 0.228125 0.09296875 0.02578125
0 0.796875 0.5828125 0.0609375 0.02421875
0 0.80625 0.12734375 0.071875 0.02421875
0 0.81171875 0.3390625 0.07265625 0.02578125
0 0.82109375 0.140625 0.08125 0.02109375
0 0.825 0.01640625 0.06796875 0.0203125
0 0.83203125 0.15390625 0.0734375 0.02578125