0 0.04375 0.96328125 0.08671875 0.07109375
0 0.15078125 0.196875 0.3015625 0.24921875
0 0.2515625 0.6640625 0.503125 0.121875
0 0.0578125 0.41875 0.11328125 0.415625
0 0.153125 0.9140625 0.2984375 0.16953125
0 0.2859375 0.90703125 0.50859375 0.1828125
0 0.14375 0.36484375 0.2015625 0.29609375
0 0.2078125 0.13671875 0.30390625 0.14921875
0 0.34296875 0.8796875 0.4578125 0.178125
0 0.39296875 0.79296875 0.3734375 0.1546875
0 0.41015625 0.22109375 0.2953125 0.27421875
0 0.5203125 0.3109375 0.3875 0.2625
0 0.60703125 0.31328125 0.3421875 0.12265625
0 0.6640625 0.51640625 0.34375 0.40390625
0 0.7234375 0.67734375 0.2984375 0.46171875