0 0.49921875 0.6375 0.9984375 0.721875
0 0.11328125 0.265625 0.08515625 0.0640625
0 0.21953125 0.1140625 0.1125 0.0703125
0 0.203125 0.1390625 0.053125 0.04140625
0 0.225 0.3015625 0.06640625 0.0421875
0 0.271875 0.3875 0.16171875 0.0578125
0 0.60703125 0.7609375 0.784375 0.24921875
0 0.284375 0.1796875 0.13046875 0.03046875
0 0.3359375 0.3203125 0.16171875 0.07890625
0 0.478125 0.31484375 0.0921875 0.02734375
0 0.53125 0.32890625 0.1765625 0.0375
0 0.54609375 0.28828125 0.20703125 0.04921875
0 0.83359375 0.1890625 0.33125 0.1125
0 0.8328125 0.2109375 0.20546875 0.1671875
0 0.871875 0.28984375 0.14140625 0.0578125