0 0.02890625 0.19140625 0.0578125 0.17265625
0 0.146875 0.35 0.29375 0.215625
0 0.275 0.11953125 0.14453125 0.1578125
0 0.40390625 0.47890625 0.20703125 0.11953125
0 0.3984375 0.28515625 0.04609375 0.08984375
0 0.446875 0.2859375 0.10703125 0.08828125
0 0.4890625 0.6859375 0.05703125 0.1046875
0 0.5875 0.47578125 0.134375 0.18046875
0 0.6296875 0.8734375 0.17578125 0.10859375
0 0.684375 0.2875 0.225 0.221875
0 0.71953125 0.60234375 0.16953125 0.134375
0 0.8453125 0.87109375 0.30859375 0.25546875
0 0.803125 0.3734375 0.07265625 0.09453125