0 0.02578125 0.54296875 0.01796875 0.03359375
0 0.0375 0.384375 0.028125 0.028125
0 0.0375 0.59296875 0.028125 0.03671875
0 0.0359375 0.28203125 0.021875 0.02421875
0 0.03984375 0.509375 0.02109375 0.03359375
0 0.08203125 0.50078125 0.04453125 0.02421875
0 0.08203125 0.24609375 0.03046875 0.040625
0 0.11171875 0.48359375 0.05703125 0.03359375
0 0.0953125 0.2859375 0.01796875 0.01640625
0 0.09765625 0.54375 0.0125 0.028125
0 0.1140625 0.33828125 0.021875 0.0203125
0 0.1140625 0.07109375 0.0109375 0.0203125
0 0.13046875 0.29453125 0.03359375 0.02578125
0 0.134375 0.34375 0.025 0.0390625
0 0.1640625 0.26640625 0.03359375 0.03359375
0 0.171875 0.41640625 0.01953125 0.021875
0 0.23125 0.4265625 0.0375 0.028125
0 0.25703125 0.378125 0.078125 0.059375
0 0.2734375 0.28671875 0.05 0.021875
0 0.27578125 0.146875 0.04609375 0.028125
0 0.34140625 0.13203125 0.06640625 0.03125
0 0.32734375 0.31796875 0.02890625 0.05390625
0 0.36484375 0.2609375 0.0734375 0.0484375
0 0.35625 0.0859375 0.034375 0.03125
0 0.36640625 0.31484375 0.04140625 0.0296875
0 0.38828125 0.159375 0.0234375 0.03671875
0 0.390625 0.02578125 0.015625 0.01875
0 0.43125 0.028125 0.02109375 0.0296875
0 0.440625 0.153125 0.0359375 0.04296875
0 0.4921875 0.053125 0.09296875 0.0609375
0 0.47265625 0.09921875 0.0484375 0.02421875