0 0.0171875 0.471875 0.03359375 0.034375
0 0.0375 0.4171875 0.03671875 0.02734375
0 0.05078125 0.38671875 0.02890625 0.0328125
0 0.07421875 0.37421875 0.0296875 0.0234375
0 0.096875 0.1609375 0.0359375 0.02734375
0 0.10078125 0.4234375 0.0328125 0.02578125
0 0.12890625 0.421875 0.03125 0.02109375
0 0.16328125 0.5734375 0.03515625 0.03125
0 0.17734375 0.52734375 0.03828125 0.040625
0 0.18359375 0.23828125 0.03125 0.0203125
0 0.2015625 0.56328125 0.04375 0.0296875
0 0.209375 0.30859375 0.05078125 0.034375
0 0.240625 0.421875 0.06171875 0.0328125
0 0.28359375 0.23046875 0.078125 0.0328125
0 0.3046875 0.446875 0.0515625 0.03515625
0 0.3140625 0.384375 0.03125 0.04453125
0 0.3609375 0.18046875 0.0296875 0.02421875
0 0.3625 0.26171875 0.0328125 0.0296875
0 0.3921875 0.2046875 0.04140625 0.034375
0 0.3984375 0.284375 0.0421875 0.02890625
0 0.44140625 0.2453125 0.05390625 0.03046875
0 0.434375 0.290625 0.03359375 0.02734375
0 0.4984375 0.240625 0.0515625 0.0359375
0 0.5046875 0.16953125 0.05234375 0.03125
0 0.5390625 0.315625 0.05078125 0.03828125
0 0.54375 0.23984375 0.05703125 0.034375
0 0.59296875 0.103125 0.05703125 0.0296875
0 0.59609375 0.19765625 0.0640625 0.02890625
0 0.59765625 0.25703125 0.05546875 0.02734375
0 0.61640625 0.23359375 0.0546875 0.0296875
0 0.63125 0.265625 0.06484375 0.0375
0 0.6765625 0.29453125 0.03984375 0.01875
0 0.72109375 0.109375 0.0828125 0.04140625
0 0.73515625 0.25 0.04921875 0.03828125
0 0.7296875 0.22734375 0.0328125 0.02734375
0 0.74296875 0.44296875 0.059375 0.0703125
0 0.75625 0.28203125 0.04140625 0.0390625
0 0.7921875 0.22265625 0.05625 0.03125
0 0.8265625 0.225 0.04375 0.0328125
0 0.875 0.19140625 0.04921875 0.03125
0 0.88671875 0.11640625 0.0328125 0.0203125
0 0.8875 0.1625 0.0359375 0.02421875
0 0.89453125 0.13203125 0.03984375 0.01875
0 0.9859375 0.55859375 0.0265625 0.05