0 0.04375 0.896875 0.03203125 0.05078125
0 0.065625 0.79296875 0.0234375 0.04921875
0 0.09453125 0.70859375 0.0328125 0.06015625
0 0.09765625 0.85234375 0.02734375 0.0375
0 0.125 0.79140625 0.02734375 0.06796875
0 0.14921875 0.91328125 0.0546875 0.0875
0 0.1859375 0.771875 0.0421875 0.06484375
0 0.1890625 0.8234375 0.0484375 0.08203125
0 0.209375 0.76328125 0.0328125 0.04921875
0 0.25703125 0.86484375 0.0484375 0.05703125
0 0.27890625 0.80625 0.06953125 0.0484375
0 0.33359375 0.815625 0.05 0.040625
0 0.45390625 0.80390625 0.075 0.04296875
0 0.5796875 0.94609375 0.0578125 0.040625
0 0.5796875 0.7265625 0.0203125 0.04453125
0 0.590625 0.66015625 0.03515625 0.03671875
0 0.61640625 0.69921875 0.03125 0.04453125
0 0.77109375 0.9296875 0.03046875 0.06015625
0 0.8625 0.61640625 0.0390625 0.053125
0 0.92421875 0.90234375 0.03828125 0.04453125
0 0.95859375 0.884375 0.03046875 0.04296875
0 0.96640625 0.7078125 0.04296875 0.0609375
0 0.97890625 0.90859375 0.0203125 0.03671875