0 0.72265625 0.2078125 0.1078125 0.09140625
0 0.0484375 0.86640625 0.0328125 0.134375
0 0.09140625 0.8984375 0.0875 0.17265625
0 0.3109375 0.82578125 0.11328125 0.046875
0 0.32109375 0.26328125 0.1109375 0.07734375
0 0.3453125 0.38671875 0.15234375 0.053125
0 0.37421875 0.89296875 0.090625 0.115625
0 0.4171875 0.534375 0.12890625 0.0578125
0 0.528125 0.48515625 0.08671875 0.07578125
0 0.71875 0.65546875 0.15078125 0.05859375
0 0.8046875 0.4953125 0.07734375 0.046875
0 0.91015625 0.58828125 0.0953125 0.046875
0 0.9421875 0.378125 0.08515625 0.04609375
0 0.96015625 0.584375 0.07890625 0.04921875