0 0.0109375 0.7578125 0.01484375 0.02109375
0 0.0171875 0.8171875 0.01171875 0.02578125
0 0.01875 0.86328125 0.0140625 0.02421875
0 0.03671875 0.25546875 0.0171875 0.0359375
0 0.04609375 0.82421875 0.03125 0.02734375
0 0.065625 0.59765625 0.01953125 0.01640625
0 0.07109375 0.846875 0.0140625 0.02421875
0 0.075 0.7453125 0.015625 0.0171875
0 0.08125 0.36953125 0.015625 0.01171875
0 0.14375 0.48515625 0.0234375 0.02421875
0 0.190625 0.8015625 0.015625 0.01171875
0 0.1953125 0.7609375 0.0171875 0.0140625
0 0.80703125 0.5203125 0.0203125 0.028125
0 0.81484375 0.54921875 0.0234375 0.02421875
0 0.8578125 0.48125 0.0296875 0.02265625
0 0.90078125 0.4234375 0.0328125 0.0265625
0 0.909375 0.49921875 0.01953125 0.01328125
0 0.925 0.5265625 0.01796875 0.01953125
0 0.928125 0.4828125 0.01796875 0.01953125
0 0.9421875 0.41796875 0.0296875 0.03203125
0 0.95625 0.5015625 0.0265625 0.0375
0 0.98984375 0.365625 0.01953125 0.0296875
0 0.990625 0.5046875 0.015625 0.0171875