0 0.0671875 0.15078125 0.134375 0.1171875
0 0.146875 0.87421875 0.1796875 0.17421875
0 0.15703125 0.4 0.1984375 0.12109375
0 0.190625 0.159375 0.17421875 0.075
0 0.2609375 0.0859375 0.16640625 0.05703125
0 0.26796875 0.65703125 0.13984375 0.16796875
0 0.3453125 0.8484375 0.20859375 0.09296875
0 0.334375 0.715625 0.1640625 0.0953125
0 0.409375 0.47734375 0.1828125 0.1390625
0 0.44765625 0.90703125 0.23984375 0.05625
0 0.46015625 0.5375 0.23671875 0.15234375
0 0.5015625 0.37734375 0.18828125 0.02734375
0 0.528125 0.7375 0.2171875 0.13203125
0 0.58828125 0.2953125 0.1859375 0.0828125
0 0.6609375 0.4546875 0.1640625 0.075
0 0.7015625 0.38046875 0.2015625 0.1171875
0 0.7015625 0.29609375 0.1640625 0.08828125
0 0.7515625 0.9234375 0.1703125 0.115625
0 0.7921875 0.2015625 0.23671875 0.18671875
0 0.84140625 0.359375 0.16953125 0.1
0 0.87890625 0.42109375 0.1921875 0.109375
0 0.903125 0.77890625 0.18046875 0.13046875
0 0.928125 0.68515625 0.1421875 0.10390625
0 0.959375 0.7484375 0.08046875 0.08046875
0 0.9796875 0.45625 0.0390625 0.053125