0 0.01640625 0.52578125 0.0328125 0.03125
0 0.08828125 0.39765625 0.0171875 0.05
0 0.21328125 0.61875 0.1015625 0.07109375
0 0.4578125 0.52578125 0.075 0.03125
0 0.44375 0.2125 0.034375 0.01640625
0 0.4453125 0.375 0.025 0.02890625
0 0.48984375 0.07734375 0.0234375 0.025
0 0.51640625 0.15625 0.0515625 0.0375
0 0.51796875 0.34453125 0.0234375 0.02734375
0 0.57109375 0.34609375 0.0578125 0.02890625
0 0.60078125 0.54609375 0.1109375 0.05
0 0.77890625 0.18125 0.4390625 0.3625
0 0.58984375 0.02109375 0.0359375 0.02109375
0 0.63828125 0.09609375 0.0359375 0.05390625
0 0.665625 0.17734375 0.0625 0.02109375
0 0.74609375 0.20234375 0.0390625 0.01640625
0 0.7625 0.0875 0.065625 0.04140625
0 0.75390625 0.12890625 0.0171875 0.02109375
0 0.77265625 0.17421875 0.0546875 0.01875
0 0.79609375 0.11328125 0.0609375 0.03515625
0 0.85859375 0.33671875 0.0578125 0.02265625
0 0.85546875 0.246875 0.0390625 0.02265625
0 0.875 0.10234375 0.06875 0.02890625
0 0.91640625 0.23515625 0.0671875 0.025
0 0.965625 0.07890625 0.065625 0.04140625
0 0.96875 0.17578125 0.03125 0.01484375