0 0.03984375 0.371875 0.0796875 0.13046875
0 0.04765625 0.10234375 0.0953125 0.20390625
0 0.05625 0.72578125 0.1125 0.11796875
0 0.06875 0.61953125 0.0890625 0.1046875
0 0.12109375 0.87109375 0.16328125 0.15625
0 0.1203125 0.5546875 0.1421875 0.1640625
0 0.11796875 0.46171875 0.0765625 0.071875
0 0.134375 0.16796875 0.078125 0.096875
0 0.15 0.2359375 0.084375 0.1671875
0 0.15 0.65546875 0.0796875 0.08828125
0 0.196875 0.43828125 0.0671875 0.14921875
0 0.2296875 0.0265625 0.1 0.053125
0 0.2 0.21796875 0.03203125 0.13515625
0 0.24921875 0.11171875 0.1046875 0.1421875
0 0.23046875 0.34921875 0.0515625 0.1046875
0 0.271875 0.76171875 0.128125 0.134375
0 0.2921875 0.59375 0.14375 0.18046875
0 0.30546875 0.26796875 0.1171875 0.09296875
0 0.3203125 0.47421875 0.1421875 0.1203125
0 0.3015625 0.3578125 0.10234375 0.14140625
0 0.2921875 0.0640625 0.053125 0.128125
0 0.3203125 0.575 0.0984375 0.125
0 0.31796875 0.11796875 0.05 0.125
0 0.36171875 0.725 0.09375 0.134375
0 0.3453125 0.21328125 0.05625 0.07734375
0 0.396875 0.10703125 0.1390625 0.21328125
0 0.43125 0.34921875 0.203125 0.2390625
0 0.37421875 0.02109375 0.06015625 0.0421875
0 0.46796875 0.89921875 0.1984375 0.1390625
0 0.43046875 0.1171875 0.11328125 0.19296875
0 0.48359375 0.671875 0.18046875 0.196875
0 0.4671875 0.5 0.13046875 0.13671875
0 0.45859375 0.0171875 0.0484375 0.034375
0 0.528125 0.38984375 0.1546875 0.16171875
0 0.5375 0.11875 0.1265625 0.1890625
0 0.5453125 0.03984375 0.13125 0.07890625
0 0.54296875 0.62734375 0.08984375 0.11015625
0 0.61796875 0.7171875 0.221875 0.2609375
0 0.63125 0.215625 0.2046875 0.2390625
0 0.5984375 0.3796875 0.0984375 0.1421875
0 0.62421875 0.10703125 0.1140625 0.12109375
0 0.69765625 0.51640625 0.23046875 0.23125
0 0.64921875 0.09375 0.08515625 0.1
0 0.7703125 0.33125 0.2671875 0.23125
0 0.80703125 0.11484375 0.27109375 0.2296875
0 0.84296875 0.69609375 0.2640625 0.15078125
0 0.9515625 0.4578125 0.0953125 0.16015625
0 0.96015625 0.35859375 0.078125 0.128125
0 0.9734375 0.4296875 0.0515625 0.18046875