0 0.5796875 0.2859375 0.2046875 0.4796875
0 0.1453125 0.53984375 0.0578125 0.19765625
0 0.26875 0.86875 0.0390625 0.08125
0 0.5140625 0.73671875 0.0484375 0.02734375
0 0.53515625 0.76171875 0.0453125 0.0328125
0 0.66875 0.6015625 0.0265625 0.08125
0 0.72421875 0.6140625 0.0546875 0.02890625
0 0.7546875 0.08671875 0.03984375 0.05078125
0 0.84375 0.89765625 0.05 0.1
0 0.8484375 0.0890625 0.0421875 0.0265625
0 0.88046875 0.08125 0.02109375 0.06640625
0 0.90546875 0.16015625 0.02265625 0.02265625
0 0.9375 0.12109375 0.0203125 0.028125
0 0.9609375 0.14375 0.0359375 0.04453125