0 0.06484375 0.60234375 0.1 0.0765625
0 0.16875 0.3296875 0.12578125 0.053125
0 0.1734375 0.55 0.07109375 0.13671875
0 0.26171875 0.6921875 0.1046875 0.11328125
0 0.26796875 0.11328125 0.0609375 0.059375
0 0.384375 0.2765625 0.071875 0.0859375
0 0.43359375 0.45625 0.04609375 0.03828125
0 0.4640625 0.59296875 0.0953125 0.06953125
0 0.4375 0.1828125 0.03203125 0.09453125
0 0.503125 0.73125 0.09765625 0.0609375
0 0.48203125 0.08515625 0.0421875 0.12734375
0 0.553125 0.275 0.065625 0.05
0 0.5625 0.8234375 0.0796875 0.11328125
0 0.6765625 0.346875 0.05546875 0.08046875
0 0.821875 0.42890625 0.08203125 0.09765625
0 0.8359375 0.6734375 0.0984375 0.10625
0 0.83671875 0.04765625 0.0546875 0.08984375