0 0.36875 0.3421875 0.2890625 0.17109375
0 0.11953125 0.73046875 0.13046875 0.20859375
0 0.19375 0.3171875 0.2390625 0.10390625
0 0.19765625 0.4765625 0.10234375 0.075
0 0.2703125 0.22265625 0.1515625 0.0640625
0 0.309375 0.65546875 0.115625 0.0953125
0 0.3265625 0.50546875 0.12578125 0.12265625
0 0.47734375 0.6109375 0.071875 0.15546875
0 0.5109375 0.83359375 0.090625 0.19765625
0 0.54609375 0.49609375 0.10390625 0.17734375
0 0.60859375 0.6390625 0.078125 0.21328125
0 0.69375 0.446875 0.1890625 0.1359375
0 0.70859375 0.8578125 0.15625 0.17734375
0 0.73046875 0.6375 0.1171875 0.2015625