0 0.1703125 0.775 0.13046875 0.1546875
0 0.1328125 0.94375 0.021875 0.03046875
0 0.1453125 0.96328125 0.02578125 0.02109375
0 0.209375 0.67265625 0.1390625 0.09140625
0 0.24375 0.7984375 0.134375 0.1046875
0 0.1984375 0.95078125 0.02890625 0.03046875
0 0.2734375 0.73203125 0.075 0.0515625
0 0.484375 0.36015625 0.3515625 0.49921875
0 0.33046875 0.825 0.0328125 0.0203125
0 0.340625 0.646875 0.02578125 0.02578125
0 0.3640625 0.8640625 0.065625 0.0359375
0 0.353125 0.921875 0.03125 0.015625
0 0.353125 0.68359375 0.02890625 0.02109375
0 0.36640625 0.9421875 0.0390625 0.02734375
0 0.36796875 0.696875 0.02734375 0.01484375
0 0.3734375 0.65078125 0.0390625 0.01953125
0 0.365625 0.803125 0.0203125 0.02734375
0 0.41640625 0.70859375 0.103125 0.153125
0 0.3828125 0.81171875 0.03046875 0.0328125
0 0.3875 0.934375 0.02421875 0.01484375
0 0.40625 0.82578125 0.021875 0.021875
0 0.40703125 0.92734375 0.0234375 0.02265625
0 0.46015625 0.65234375 0.03046875 0.01953125
0 0.49296875 0.74140625 0.0421875 0.0328125
0 0.490625 0.646875 0.021875 0.01796875
0 0.5171875 0.76328125 0.0515625 0.02734375
0 0.54375 0.81328125 0.0453125 0.0109375
0 0.55625 0.79296875 0.053125 0.02890625
0 0.578125 0.8328125 0.0171875 0.01953125
0 0.6765625 0.66484375 0.1953125 0.103125