0 0.67890625 0.5953125 0.1375 0.09921875
0 0.2578125 0.32421875 0.09765625 0.03515625
0 0.275 0.4921875 0.1 0.06484375
0 0.403125 0.440625 0.10546875 0.0546875
0 0.47890625 0.34765625 0.08671875 0.04375
0 0.6265625 0.690625 0.13203125 0.06484375
0 0.71484375 0.81796875 0.12421875 0.07109375
0 0.8328125 0.6453125 0.109375 0.0515625
0 0.8390625 0.46875 0.10625 0.0375
0 0.85390625 0.82890625 0.13359375 0.05390625
0 0.88515625 0.703125 0.12109375 0.06484375
0 0.8921875 0.9640625 0.1234375 0.06328125
0 0.925 0.765625 0.021875 0.01953125
0 0.98203125 0.86171875 0.03515625 0.03203125
0 0.9875 0.73515625 0.02265625 0.01953125