0 0.5375 0.60703125 0.34375 0.37890625
0 0.0296875 0.3125 0.021875 0.01875
0 0.0625 0.2921875 0.00859375 0.021875
0 0.0671875 0.3265625 0.0125 0.01640625
0 0.07578125 0.45234375 0.0125 0.03046875
0 0.15859375 0.41015625 0.03359375 0.02734375
0 0.18828125 0.04609375 0.01328125 0.02890625
0 0.21640625 0.29921875 0.0359375 0.021875
0 0.25234375 0.246875 0.02578125 0.0515625
0 0.56328125 0.85703125 0.01875 0.0296875
0 0.584375 0.1078125 0.04375 0.03046875
0 0.60859375 0.77734375 0.034375 0.04921875
0 0.88359375 0.496875 0.04140625 0.04296875