0 0.2765625 0.165625 0.14765625 0.103125
0 0.021875 0.840625 0.04296875 0.01953125
0 0.0453125 0.23984375 0.090625 0.05234375
0 0.04765625 0.784375 0.06328125 0.01953125
0 0.2671875 0.35390625 0.0984375 0.0546875
0 0.35859375 0.521875 0.08671875 0.0234375
0 0.36328125 0.396875 0.0953125 0.04453125
0 0.428125 0.0484375 0.071875 0.096875
0 0.50625 0.40859375 0.065625 0.0484375
0 0.51953125 0.275 0.0796875 0.06015625
0 0.525 0.3578125 0.08828125 0.06640625
0 0.5640625 0.4625 0.14140625 0.071875
0 0.6453125 0.425 0.17109375 0.12109375
0 0.5953125 0.0953125 0.065625 0.07578125
0 0.60390625 0.8140625 0.059375 0.06484375
0 0.684375 0.41875 0.125 0.0875
0 0.65546875 0.26171875 0.065625 0.0546875
0 0.66875 0.325 0.0765625 0.1421875
0 0.709375 0.7796875 0.06953125 0.05625
0 0.73828125 0.721875 0.07421875 0.053125
0 0.7375 0.60625 0.05 0.0453125
0 0.7390625 0.025 0.05 0.05
0 0.82421875 0.38359375 0.12890625 0.0765625
0 0.784375 0.74296875 0.04296875 0.0453125
0 0.79609375 0.63828125 0.06328125 0.05234375
0 0.81875 0.89296875 0.0546875 0.04453125
0 0.8671875 0.5578125 0.1015625 0.0640625
0 0.8828125 0.53046875 0.125 0.05625
0 0.8734375 0.70390625 0.06875 0.05859375
0 0.87421875 0.85390625 0.05 0.07578125
0 0.90546875 0.7890625 0.0734375 0.06015625
0 0.9359375 0.915625 0.1109375 0.07578125
0 0.928125 0.1328125 0.07734375 0.07265625
0 0.9484375 0.68125 0.09296875 0.06484375
0 0.95078125 0.8765625 0.0953125 0.09140625
0 0.95546875 0.62890625 0.0828125 0.09140625
0 0.978125 0.26171875 0.040625 0.0390625
0 0.98203125 0.48984375 0.0296875 0.03515625