0 0.7203125 0.2078125 0.209375 0.12734375
0 0.021875 0.4703125 0.04375 0.0515625
0 0.0265625 0.384375 0.053125 0.0625
0 0.03671875 0.07734375 0.0734375 0.065625
0 0.0734375 0.32890625 0.14609375 0.1140625
0 0.1015625 0.6546875 0.203125 0.2546875
0 0.13828125 0.06328125 0.2765625 0.1265625
0 0.1328125 0.1953125 0.2109375 0.19140625
0 0.19375 0.471875 0.234375 0.1578125
0 0.15 0.96953125 0.10078125 0.05859375
0 0.240625 0.7578125 0.18671875 0.1484375
0 0.2515625 0.58046875 0.17265625 0.10625
0 0.278125 0.39765625 0.1859375 0.1203125
0 0.2703125 0.60078125 0.1390625 0.10390625
0 0.3328125 0.38046875 0.24453125 0.12421875
0 0.39921875 0.275 0.2609375 0.15
0 0.44375 0.1328125 0.29609375 0.1546875
0 0.4484375 0.7734375 0.275 0.2859375
0 0.45390625 0.675 0.2234375 0.16796875
0 0.50390625 0.2515625 0.24453125 0.19296875
0 0.4984375 0.26015625 0.19921875 0.0859375
0 0.521875 0.50625 0.1890625 0.1171875
0 0.4984375 0.415625 0.1046875 0.04375
0 0.59453125 0.65078125 0.1890625 0.0828125
0 0.7265625 0.52734375 0.24453125 0.221875
0 0.71015625 0.61796875 0.1921875 0.1484375
0 0.715625 0.64609375 0.1953125 0.16640625
0 0.71796875 0.909375 0.159375 0.17890625
0 0.75703125 0.05 0.19140625 0.09921875
0 0.79765625 0.11015625 0.1875 0.21328125
0 0.85 0.85859375 0.2296875 0.1640625
0 0.8828125 0.48671875 0.2328125 0.17265625
0 0.934375 0.2515625 0.1296875 0.09609375
0 0.96796875 0.496875 0.06328125 0.06328125
0 0.9796875 0.35234375 0.0359375 0.06328125
0 0.98359375 0.83671875 0.03203125 0.0484375