0 0.0296875 0.5 0.059375 0.23125
0 0.03984375 0.67578125 0.0796875 0.12109375
0 0.0515625 0.86640625 0.103125 0.2609375
0 0.0625 0.3578125 0.125 0.375
0 0.09140625 0.1734375 0.1828125 0.20625
0 0.128125 0.0953125 0.25546875 0.16875
0 0.10546875 0.32734375 0.14921875 0.2578125
0 0.32890625 0.61875 0.58984375 0.45625
0 0.40625 0.4296875 0.63046875 0.31796875
0 0.34453125 0.7796875 0.5015625 0.30859375
0 0.328125 0.91875 0.465625 0.159375
0 0.2921875 0.06875 0.35 0.1375
0 0.27421875 0.28125 0.278125 0.240625
0 0.2625 0.1875 0.24453125 0.15546875
0 0.32734375 0.03203125 0.14375 0.0640625
0 0.49765625 0.8875 0.3734375 0.221875
0 0.50390625 0.62890625 0.30859375 0.196875
0 0.59453125 0.809375 0.3625 0.275
0 0.57265625 0.05390625 0.23828125 0.1078125
0 0.66015625 0.24140625 0.2671875 0.2515625
0 0.69453125 0.2234375 0.22734375 0.27265625
0 0.7375 0.57578125 0.25859375 0.19296875
0 0.7625 0.7109375 0.26953125 0.1796875
0 0.74375 0.4 0.18046875 0.2421875
0 0.7625 0.26796875 0.2015625 0.33125
0 0.73125 0.03671875 0.125 0.0734375
0 0.80078125 0.95859375 0.2640625 0.0796875
0 0.8015625 0.83515625 0.26015625 0.16640625
0 0.80859375 0.26171875 0.2515625 0.3296875
0 0.85703125 0.0953125 0.2828125 0.190625
0 0.83671875 0.51015625 0.14765625 0.153125
0 0.90703125 0.9359375 0.18359375 0.11015625
0 0.91875 0.80859375 0.159375 0.16640625
0 0.90078125 0.60546875 0.1078125 0.096875
0 0.93359375 0.7046875 0.13046875 0.1703125
0 0.94140625 0.5 0.11484375 0.0609375
0 0.94375 0.29765625 0.109375 0.23515625
0 0.94453125 0.440625 0.1078125 0.1078125
0 0.9515625 0.590625 0.09375 0.17421875
0 0.96328125 0.21484375 0.07109375 0.1421875