0 0.03125 0.57109375 0.0625 0.0421875
0 0.0875 0.6546875 0.065625 0.02734375
0 0.12890625 0.50859375 0.1203125 0.11875
0 0.1765625 0.9015625 0.21484375 0.14609375
0 0.1890625 0.72421875 0.178125 0.04453125
0 0.2140625 0.36328125 0.1140625 0.065625
0 0.246875 0.48984375 0.14453125 0.0453125
0 0.22265625 0.73125 0.0875 0.04453125
0 0.2734375 0.6171875 0.07734375 0.07890625
0 0.315625 0.43671875 0.146875 0.04453125
0 0.35078125 0.19140625 0.10625 0.0265625
0 0.38671875 0.35234375 0.1265625 0.05
0 0.4203125 0.70859375 0.13515625 0.10625
0 0.415625 0.63046875 0.1234375 0.1046875
0 0.446875 0.53671875 0.16171875 0.0484375
0 0.40234375 0.46484375 0.0578125 0.05546875
0 0.4421875 0.2296875 0.10234375 0.034375
0 0.48515625 0.4734375 0.12578125 0.040625
0 0.53828125 0.5890625 0.1765625 0.09453125
0 0.528125 0.4109375 0.11796875 0.0484375
0 0.5421875 0.390625 0.1203125 0.0234375
0 0.56953125 0.30234375 0.1703125 0.0390625
0 0.5765625 0.4078125 0.1515625 0.04921875
0 0.65625 0.47265625 0.221875 0.0484375
0 0.62890625 0.53984375 0.16171875 0.065625
0 0.625 0.475 0.1046875 0.0640625
0 0.6359375 0.321875 0.12421875 0.04453125
0 0.6375 0.35 0.0984375 0.05390625
0 0.63671875 0.4296875 0.07890625 0.0375
0 0.66484375 0.234375 0.13203125 0.0421875
0 0.684375 0.5828125 0.14765625 0.065625
0 0.6921875 0.51015625 0.1375 0.05546875
0 0.709375 0.4078125 0.0859375 0.0375
0 0.73984375 0.42578125 0.14296875 0.05546875
0 0.78203125 0.65703125 0.20859375 0.05546875
0 0.77578125 0.2296875 0.10390625 0.0265625
0 0.79296875 0.50546875 0.115625 0.0375
0 0.7953125 0.1953125 0.05546875 0.03359375
0 0.8859375 0.29765625 0.1578125 0.06015625
0 0.8953125 0.18515625 0.16640625 0.0625
0 0.91796875 0.5203125 0.1625 0.06171875
0 0.91875 0.66484375 0.1609375 0.05390625
0 0.9234375 0.48203125 0.1515625 0.05390625
0 0.94140625 0.60703125 0.11640625 0.04453125
0 0.96171875 0.45 0.075 0.03046875