0 0.359375 0.5296875 0.109375 0.16015625
0 0.065625 0.3234375 0.02578125 0.02109375
0 0.1671875 0.44140625 0.03515625 0.0296875
0 0.17421875 0.55078125 0.02578125 0.0328125
0 0.18359375 0.3921875 0.0171875 0.03515625
0 0.19296875 0.60625 0.0296875 0.02109375
0 0.240625 0.453125 0.02421875 0.03046875
0 0.240625 0.52109375 0.0171875 0.03359375
0 0.25234375 0.5890625 0.0296875 0.02734375
0 0.27421875 0.56796875 0.01953125 0.01640625
0 0.2828125 0.02265625 0.0359375 0.0453125
0 0.32734375 0.59140625 0.0265625 0.02265625
0 0.7078125 0.43984375 0.02890625 0.02890625
0 0.77890625 0.3046875 0.053125 0.0484375
0 0.83125 0.446875 0.01328125 0.02265625
0 0.91484375 0.30234375 0.01171875 0.0390625