0 0.028125 0.76953125 0.05546875 0.11171875
0 0.22109375 0.50234375 0.2328125 0.19453125
0 0.25859375 0.28359375 0.1359375 0.16328125
0 0.3046875 0.85625 0.1390625 0.1765625
0 0.31875 0.07421875 0.134375 0.1484375
0 0.425 0.44296875 0.0765625 0.1390625
0 0.47109375 0.78125 0.11328125 0.28125
0 0.51484375 0.3109375 0.1234375 0.10234375
0 0.50625 0.06171875 0.08359375 0.1234375
0 0.6046875 0.5296875 0.09609375 0.22109375
0 0.6453125 0.8734375 0.11796875 0.0890625
0 0.671875 0.07578125 0.1171875 0.09296875
0 0.77421875 0.44765625 0.1390625 0.13125
0 0.775 0.9421875 0.06953125 0.09375
0 0.834375 0.76015625 0.15 0.15390625
0 0.81640625 0.2328125 0.09140625 0.25390625
0 0.87265625 0.01875 0.1296875 0.0375
0 0.97734375 0.553125 0.04453125 0.1015625