0 0.078125 0.58203125 0.128125 0.11875
0 0.0875 0.0796875 0.0390625 0.0765625
0 0.25390625 0.4078125 0.11796875 0.13046875
0 0.33359375 0.28359375 0.0671875 0.2015625
0 0.375 0.1546875 0.09609375 0.1921875
0 0.39375 0.571875 0.1265625 0.109375
0 0.3703125 0.03359375 0.0203125 0.0671875
0 0.48359375 0.19609375 0.04765625 0.2140625
0 0.4953125 0.659375 0.05859375 0.0734375
0 0.503125 0.61875 0.0578125 0.06171875
0 0.50234375 0.85 0.03359375 0.06953125
0 0.51484375 0.77421875 0.0421875 0.13359375
0 0.5390625 0.6265625 0.03671875 0.06953125
0 0.53828125 0.71171875 0.03046875 0.08515625
0 0.5734375 0.8734375 0.06484375 0.0515625
0 0.56015625 0.69140625 0.0328125 0.05625
0 0.5796875 0.8515625 0.0203125 0.0765625
0 0.63125 0.16953125 0.0578125 0.08046875
0 0.70078125 0.55078125 0.09140625 0.059375