0 0.06875 0.71640625 0.034375 0.02890625
0 0.1171875 0.67421875 0.0375 0.04609375
0 0.18828125 0.64609375 0.0390625 0.034375
0 0.24375 0.62734375 0.02421875 0.03828125
0 0.303125 0.6390625 0.03671875 0.01953125
0 0.37890625 0.65 0.03046875 0.03203125
0 0.4828125 0.7875 0.040625 0.03828125
0 0.5671875 0.828125 0.03046875 0.0234375
0 0.58671875 0.79140625 0.02578125 0.01953125
0 0.60078125 0.7171875 0.0359375 0.0296875
0 0.63984375 0.6171875 0.03203125 0.03828125
0 0.64765625 0.72890625 0.0328125 0.0234375
0 0.6625 0.7859375 0.034375 0.02578125
0 0.665625 0.65625 0.03828125 0.01953125
0 0.6890625 0.70390625 0.02578125 0.040625