0 0.646875 0.24140625 0.11015625 0.09921875
0 0.0828125 0.13359375 0.0484375 0.03671875
0 0.2796875 0.665625 0.0421875 0.05
0 0.30625 0.7796875 0.0796875 0.06015625
0 0.284375 0.22265625 0.03203125 0.03046875
0 0.2875 0.1765625 0.01796875 0.02421875
0 0.3765625 0.16953125 0.1109375 0.08046875
0 0.346875 0.6234375 0.03203125 0.05
0 0.43984375 0.08671875 0.0140625 0.02578125
0 0.56171875 0.7359375 0.15234375 0.12421875
0 0.51796875 0.21796875 0.06171875 0.1
0 0.62890625 0.0859375 0.0265625 0.06171875
0 0.76953125 0.1890625 0.08828125 0.08984375
0 0.771875 0.30234375 0.0796875 0.07421875