0 0.15078125 0.77890625 0.02265625 0.02578125
0 0.27578125 0.5921875 0.03125 0.03359375
0 0.29296875 0.38359375 0.01171875 0.01953125
0 0.30625 0.93515625 0.02578125 0.0234375
0 0.309375 0.64609375 0.0125 0.04140625
0 0.32578125 0.45234375 0.0109375 0.01953125
0 0.3484375 0.671875 0.01953125 0.03671875
0 0.4109375 0.446875 0.11796875 0.1328125
0 0.4984375 0.3796875 0.221875 0.196875
0 0.4046875 0.61484375 0.0265625 0.04921875
0 0.45390625 0.53984375 0.01953125 0.025
0 0.46796875 0.64453125 0.01640625 0.04140625
0 0.471875 0.53359375 0.02421875 0.0234375
0 0.50546875 0.67734375 0.03828125 0.05703125
0 0.50703125 0.553125 0.0265625 0.0453125
0 0.54609375 0.55390625 0.0265625 0.04296875
0 0.571875 0.884375 0.06171875 0.05625
0 0.61796875 0.80390625 0.0640625 0.0484375
0 0.621875 0.7296875 0.0546875 0.040625
0 0.6125 0.56171875 0.0203125 0.03515625
0 0.621875 0.5203125 0.034375 0.0296875
0 0.64140625 0.54140625 0.0359375 0.03359375
0 0.63828125 0.44296875 0.015625 0.03359375
0 0.646875 0.4828125 0.02265625 0.0390625
0 0.64921875 0.4421875 0.0109375 0.0296875
0 0.67421875 0.96953125 0.01875 0.0453125
0 0.68203125 0.559375 0.03125 0.053125
0 0.70546875 0.90625 0.03203125 0.03671875
0 0.71484375 0.8875 0.04296875 0.0609375
0 0.7265625 0.6375 0.0546875 0.0484375
0 0.73515625 0.59453125 0.02578125 0.0328125
0 0.7359375 0.7140625 0.0265625 0.0296875
0 0.84453125 0.6625 0.02265625 0.02578125
0 0.9328125 0.96953125 0.0734375 0.05859375