0 0.46875 0.153125 0.16328125 0.12109375
0 0.06640625 0.6140625 0.1328125 0.15
0 0.0515625 0.2875 0.0515625 0.0234375
0 0.059375 0.50390625 0.0296875 0.0640625
0 0.06875 0.175 0.0328125 0.02890625
0 0.09453125 0.0640625 0.015625 0.02421875
0 0.14921875 0.15625 0.053125 0.040625
0 0.15078125 0.48046875 0.0453125 0.040625
0 0.14609375 0.60703125 0.015625 0.01484375
0 0.165625 0.58046875 0.0265625 0.0421875
0 0.19453125 0.1390625 0.04140625 0.05
0 0.190625 0.3265625 0.028125 0.05546875
0 0.22265625 0.34453125 0.0359375 0.0828125
0 0.27734375 0.1515625 0.01953125 0.03828125
0 0.29140625 0.03671875 0.0421875 0.04765625
0 0.2984375 0.4875 0.0203125 0.03125
0 0.3515625 0.165625 0.03671875 0.040625
0 0.4609375 0.44375 0.0671875 0.0734375
0 0.47890625 0.33203125 0.0359375 0.0765625
0 0.52890625 0.5265625 0.05390625 0.09921875
0 0.60625 0.41640625 0.10859375 0.0578125
0 0.7140625 0.41015625 0.0859375 0.0671875
0 0.91953125 0.24375 0.11328125 0.14140625
0 0.94296875 0.10390625 0.071875 0.12578125