0 0.17265625 0.23125 0.05703125 0.07890625
0 0.2125 0.38359375 0.10859375 0.09609375
0 0.2640625 0.24609375 0.07265625 0.07421875
0 0.28984375 0.51796875 0.07734375 0.0546875
0 0.29140625 0.31640625 0.0734375 0.0890625
0 0.30546875 0.71875 0.05390625 0.0765625
0 0.31484375 0.82890625 0.0640625 0.07734375
0 0.31953125 0.240625 0.059375 0.08671875
0 0.36484375 0.934375 0.10859375 0.09140625
0 0.32734375 0.47421875 0.01796875 0.08046875
0 0.38828125 0.29453125 0.0703125 0.08125
0 0.3953125 0.2359375 0.0609375 0.07421875
0 0.39921875 0.4453125 0.0640625 0.0890625
0 0.39609375 0.79453125 0.04140625 0.075
0 0.4015625 0.4921875 0.0453125 0.0359375
0 0.4125 0.94296875 0.0515625 0.05859375
0 0.4234375 0.8140625 0.0609375 0.0484375
0 0.4234375 0.37734375 0.0296875 0.04609375
0 0.44375 0.74765625 0.05390625 0.09140625
0 0.44609375 0.1671875 0.0578125 0.05625
0 0.44453125 0.5609375 0.03984375 0.075
0 0.45 0.5453125 0.028125 0.0703125
0 0.4671875 0.34765625 0.04453125 0.05
0 0.48359375 0.14609375 0.0515625 0.05625
0 0.496875 0.81484375 0.065625 0.05
0 0.490625 0.2390625 0.0453125 0.0328125
0 0.51953125 0.8375 0.0265625 0.04765625
0 0.5296875 0.34765625 0.034375 0.05234375
0 0.5390625 0.325 0.03671875 0.0640625
0 0.5796875 0.68359375 0.08203125 0.1015625
0 0.6234375 0.60546875 0.06484375 0.05625
0 0.6109375 0.528125 0.0375 0.03984375
0 0.70390625 0.89453125 0.05234375 0.05625
0 0.73203125 0.18046875 0.09296875 0.0703125
0 0.7234375 0.78125 0.06328125 0.06484375
0 0.7328125 0.7203125 0.040625 0.07109375