0 0.3296875 0.6359375 0.04296875 0.08046875
0 0.3359375 0.27109375 0.0328125 0.0421875
0 0.41328125 0.4015625 0.04140625 0.034375
0 0.4421875 0.7453125 0.0578125 0.065625
0 0.48125 0.47421875 0.0390625 0.02578125
0 0.5921875 0.315625 0.0484375 0.05703125
0 0.5921875 0.41328125 0.0453125 0.0453125
0 0.5984375 0.4765625 0.053125 0.0515625
0 0.609375 0.63125 0.0359375 0.02578125
0 0.7625 0.25546875 0.2078125 0.240625
0 0.69921875 0.54921875 0.065625 0.06171875
0 0.69296875 0.4953125 0.03125 0.05703125
0 0.753125 0.45234375 0.0984375 0.0421875
0 0.734375 0.4890625 0.03046875 0.04140625
0 0.7734375 0.5359375 0.05703125 0.0546875