0 0.021875 0.27421875 0.04375 0.046875
0 0.03984375 0.4265625 0.07265625 0.03984375
0 0.09765625 0.8734375 0.15390625 0.07734375
0 0.10625 0.575 0.1359375 0.065625
0 0.10625 0.67734375 0.11015625 0.0671875
0 0.15 0.203125 0.0578125 0.05625
0 0.1984375 0.4640625 0.0953125 0.05703125
0 0.25625 0.21015625 0.0765625 0.0546875
0 0.2671875 0.409375 0.04140625 0.0328125
0 0.309375 0.29375 0.07734375 0.05703125
0 0.31171875 0.10703125 0.05078125 0.03828125
0 0.34921875 0.59765625 0.09453125 0.0625
0 0.353125 0.2515625 0.06796875 0.040625
0 0.38515625 0.44375 0.07890625 0.065625
0 0.4078125 0.553125 0.0828125 0.0390625
0 0.42578125 0.79453125 0.10078125 0.053125
0 0.446875 0.63203125 0.065625 0.05859375
0 0.46953125 0.1265625 0.06171875 0.0421875
0 0.49765625 0.45 0.1078125 0.05
0 0.49765625 0.52578125 0.05 0.0421875
0 0.5625 0.31171875 0.0796875 0.053125
0 0.578125 0.2296875 0.05625 0.0390625
0 0.5734375 0.4375 0.04140625 0.040625
0 0.634375 0.484375 0.08359375 0.06640625
0 0.6265625 0.22421875 0.0296875 0.05
0 0.66015625 0.51953125 0.05 0.01953125
0 0.69140625 0.20234375 0.0640625 0.0390625
0 0.7390625 0.865625 0.14140625 0.07421875
0 0.75 0.45234375 0.10703125 0.053125
0 0.73125 0.415625 0.05546875 0.0359375
0 0.740625 0.7375 0.06328125 0.0640625
0 0.74375 0.49296875 0.0453125 0.02890625
0 0.78125 0.56484375 0.10078125 0.0546875
0 0.78125 0.13359375 0.0859375 0.053125
0 0.82421875 0.75859375 0.12109375 0.10078125
0 0.8234375 0.26328125 0.07734375 0.0375
0 0.8625 0.65625 0.109375 0.07265625
0 0.84765625 0.5453125 0.06953125 0.02578125
0 0.84765625 0.28125 0.0546875 0.0359375
0 0.91171875 0.39609375 0.1125 0.0546875
0 0.9359375 0.59375 0.1265625 0.07421875
0 0.915625 0.19453125 0.0765625 0.05859375
0 0.9171875 0.2625 0.0515625 0.0390625
0 0.959375 0.12734375 0.0796875 0.04453125
0 0.9671875 0.659375 0.05546875 0.0484375
0 0.975 0.30703125 0.04921875 0.05703125