0 0.18515625 0.88515625 0.3421875 0.21484375
0 0.21796875 0.77265625 0.08828125 0.05
0 0.25078125 0.40625 0.065625 0.26953125
0 0.26484375 0.034375 0.0421875 0.06875
0 0.346875 0.4390625 0.0984375 0.11328125
0 0.3734375 0.8265625 0.0421875 0.1453125
0 0.42421875 0.93046875 0.11640625 0.13671875
0 0.421875 0.365625 0.0875 0.10859375
0 0.440625 0.06796875 0.0734375 0.0609375
0 0.4484375 0.38671875 0.0453125 0.13046875
0 0.54609375 0.53125 0.10078125 0.0671875
0 0.55234375 0.29609375 0.03359375 0.034375
0 0.6203125 0.0546875 0.03203125 0.06171875
0 0.709375 0.02890625 0.03125 0.0578125