0 0.8421875 0.2515625 0.09296875 0.1234375
0 0.11953125 0.63671875 0.09296875 0.271875
0 0.16015625 0.70078125 0.07578125 0.0953125
0 0.240625 0.61953125 0.1 0.1640625
0 0.3140625 0.44765625 0.0375 0.16953125
0 0.359375 0.34921875 0.0203125 0.04609375
0 0.41796875 0.4125 0.08125 0.05078125
0 0.48359375 0.35859375 0.1296875 0.1234375
0 0.5015625 0.34921875 0.09765625 0.1484375
0 0.51953125 0.44921875 0.128125 0.084375
0 0.52265625 0.27265625 0.0609375 0.13671875
0 0.57109375 0.51953125 0.13359375 0.1140625
0 0.54765625 0.64921875 0.03984375 0.1140625
0 0.57421875 0.72109375 0.0625 0.115625
0 0.5796875 0.41015625 0.05234375 0.1734375
0 0.58359375 0.309375 0.0578125 0.05546875
0 0.6328125 0.25703125 0.09765625 0.071875
0 0.6109375 0.38828125 0.0484375 0.16015625
0 0.65859375 0.48359375 0.0671875 0.1234375
0 0.70078125 0.6625 0.1359375 0.29453125
0 0.66796875 0.8453125 0.06796875 0.2109375
0 0.67734375 0.35078125 0.05625 0.11953125
0 0.7859375 0.3984375 0.04609375 0.08984375
0 0.79453125 0.48984375 0.0515625 0.165625