0 0.115625 0.75625 0.184375 0.15546875
0 0.0890625 0.56953125 0.1265625 0.18359375
0 0.1484375 0.3515625 0.2453125 0.15546875
0 0.09765625 0.1140625 0.13828125 0.20078125
0 0.1671875 0.92421875 0.17890625 0.1453125
0 0.2921875 0.09375 0.22734375 0.15234375
0 0.30390625 0.6140625 0.22734375 0.1765625
0 0.315625 0.28046875 0.19296875 0.1453125
0 0.36015625 0.80625 0.115625 0.1796875
0 0.36015625 0.98125 0.08046875 0.03125
0 0.45234375 0.41875 0.2015625 0.2078125
0 0.465625 0.13125 0.13515625 0.2078125
0 0.5578125 0.84921875 0.21015625 0.20390625
0 0.559375 0.59140625 0.10390625 0.16640625
0 0.6625 0.08984375 0.19609375 0.13828125
0 0.66875 0.24921875 0.15 0.17265625
0 0.71484375 0.4375 0.2078125 0.20390625
0 0.7046875 0.7390625 0.17578125 0.16953125
0 0.8125 0.97734375 0.0921875 0.03828125
0 0.86171875 0.146875 0.17890625 0.1765625
0 0.88359375 0.871875 0.19296875 0.159375
0 0.89609375 0.596875 0.15546875 0.1765625
0 0.921875 0.36640625 0.109375 0.1796875