0 0.03203125 0.48671875 0.0640625 0.07109375
0 0.04375 0.62890625 0.078125 0.1078125
0 0.05078125 0.5171875 0.0796875 0.04765625
0 0.08046875 0.415625 0.08984375 0.0640625
0 0.07734375 0.3328125 0.0546875 0.0671875
0 0.0828125 0.63203125 0.06640625 0.07890625
0 0.11328125 0.62265625 0.09609375 0.0875
0 0.1328125 0.4875 0.1078125 0.084375
0 0.134375 0.4453125 0.05859375 0.04609375
0 0.203125 0.35625 0.06796875 0.096875
0 0.23671875 0.43515625 0.04375 0.0421875
0 0.2609375 0.33515625 0.06015625 0.084375
0 0.328125 0.42421875 0.0921875 0.075
0 0.334375 0.5296875 0.06953125 0.03828125
0 0.353125 0.69765625 0.0703125 0.1171875
0 0.36171875 0.24140625 0.0890625 0.05546875
0 0.36875 0.625 0.0828125 0.075
0 0.37109375 0.47578125 0.0875 0.0515625
0 0.3859375 0.34921875 0.09609375 0.05546875
0 0.41484375 0.20703125 0.1046875 0.0734375
0 0.403125 0.6046875 0.06796875 0.0671875
0 0.4375 0.38828125 0.10859375 0.09453125
0 0.43359375 0.48671875 0.0578125 0.03671875
0 0.45 0.3734375 0.0765625 0.08046875
0 0.49140625 0.2234375 0.1328125 0.13125
0 0.4828125 0.3 0.071875 0.065625
0 0.53515625 0.446875 0.11796875 0.084375
0 0.60546875 0.7859375 0.2078125 0.19453125
0 0.515625 0.63359375 0.02421875 0.040625
0 0.5765625 0.46796875 0.1421875 0.115625
0 0.58046875 0.3421875 0.12578125 0.14296875
0 0.565625 0.6859375 0.08046875 0.075
0 0.5953125 0.5265625 0.0421875 0.0640625
0 0.61328125 0.35625 0.05 0.05
0 0.6453125 0.37109375 0.04140625 0.06953125
0 0.665625 0.5484375 0.08046875 0.096875
0 0.6890625 0.43515625 0.05703125 0.034375
0 0.67734375 0.47109375 0.0265625 0.02734375
0 0.7359375 0.3546875 0.078125 0.0984375
0 0.7546875 0.29765625 0.11484375 0.0671875
0 0.84453125 0.74921875 0.06796875 0.06015625
0 0.8828125 0.25859375 0.1390625 0.0828125
0 0.90625 0.83359375 0.0265625 0.0640625