0 0.4796875 0.690625 0.43203125 0.28203125
0 0.0703125 0.9609375 0.0921875 0.075
0 0.053125 0.71796875 0.053125 0.0515625
0 0.0859375 0.821875 0.078125 0.03828125
0 0.14609375 0.3546875 0.071875 0.0390625
0 0.171875 0.5375 0.053125 0.08671875
0 0.271875 0.51953125 0.0765625 0.08203125
0 0.3109375 0.1828125 0.04140625 0.06484375
0 0.3296875 0.47734375 0.0640625 0.0546875
0 0.44921875 0.81640625 0.1828125 0.1171875
0 0.4640625 0.25859375 0.0734375 0.078125
0 0.47890625 0.3734375 0.0609375 0.05
0 0.559375 0.278125 0.040625 0.02265625
0 0.5703125 0.1640625 0.0359375 0.02265625
0 0.61953125 0.11640625 0.0671875 0.040625
0 0.62578125 0.2203125 0.06484375 0.0421875
0 0.7390625 0.76484375 0.28515625 0.1015625
0 0.62578125 0.27734375 0.0546875 0.03046875
0 0.67421875 0.13984375 0.0359375 0.0296875
0 0.7359375 0.08125 0.04921875 0.034375
0 0.8953125 0.03671875 0.06015625 0.03046875