0 0.4984375 0.52265625 0.84296875 0.82890625
0 0.02734375 0.39765625 0.0546875 0.06484375
0 0.03515625 0.4734375 0.0703125 0.059375
0 0.06640625 0.32734375 0.1328125 0.065625
0 0.08515625 0.54765625 0.11796875 0.06875
0 0.12109375 0.38359375 0.1375 0.07265625
0 0.1796875 0.59296875 0.09609375 0.059375
0 0.1953125 0.57109375 0.12734375 0.0625
0 0.19765625 0.39921875 0.1015625 0.06328125
0 0.20703125 0.5109375 0.12109375 0.078125
0 0.25703125 0.434375 0.15 0.06484375
0 0.296875 0.57890625 0.128125 0.05859375
0 0.35390625 0.45703125 0.08046875 0.08359375
0 0.4046875 0.4296875 0.0796875 0.05546875
0 0.51640625 0.66796875 0.1234375 0.07265625
0 0.5234375 0.70859375 0.05 0.05703125
0 0.546875 0.803125 0.06328125 0.07890625
0 0.62890625 0.76171875 0.13515625 0.07734375
0 0.6421875 0.40859375 0.08671875 0.06953125
0 0.7046875 0.628125 0.075 0.05234375
0 0.7203125 0.4375 0.05 0.06015625
0 0.75859375 0.5984375 0.1015625 0.065625
0 0.7625 0.6640625 0.08984375 0.065625
0 0.76640625 0.52578125 0.0984375 0.05390625
0 0.76953125 0.48359375 0.09921875 0.05546875
0 0.79765625 0.41796875 0.0484375 0.03671875
0 0.8125 0.43671875 0.03515625 0.028125
0 0.83515625 0.80703125 0.0640625 0.08046875
0 0.86484375 0.69765625 0.11953125 0.065625
0 0.88203125 0.590625 0.140625 0.07109375
0 0.83515625 0.32890625 0.04296875 0.03125
0 0.871875 0.65078125 0.0625 0.04921875
0 0.87578125 0.48515625 0.0703125 0.05703125
0 0.9140625 0.8890625 0.13515625 0.08203125
0 0.903125 0.28359375 0.02890625 0.03984375
0 0.9234375 0.52109375 0.04921875 0.07109375
0 0.93046875 0.33203125 0.04609375 0.04140625
0 0.9546875 0.97109375 0.08828125 0.05546875
0 0.92734375 0.27890625 0.03046875 0.03828125
0 0.946875 0.38828125 0.03359375 0.04140625
0 0.96484375 0.76484375 0.06953125 0.07265625
0 0.9859375 0.51015625 0.02578125 0.05