0 0.05234375 0.5828125 0.10390625 0.7234375
0 0.07578125 0.5265625 0.128125 0.3734375
0 0.13828125 0.6875 0.20234375 0.52890625
0 0.20703125 0.73671875 0.19609375 0.50703125
0 0.34296875 0.4921875 0.16796875 0.16875
0 0.40546875 0.7328125 0.2265625 0.43515625
0 0.41640625 0.4046875 0.21171875 0.2203125
0 0.5578125 0.496875 0.18515625 0.21875
0 0.65546875 0.71796875 0.2359375 0.409375
0 0.70703125 0.37578125 0.2171875 0.1984375
0 0.8265625 0.49296875 0.2375 0.246875
0 0.8734375 0.71875 0.21875 0.3796875
0 0.97265625 0.5484375 0.05234375 0.19453125
0 0.9796875 0.840625 0.03828125 0.30234375