0 0.5578125 0.66640625 0.28984375 0.13515625
0 0.10234375 0.5375 0.2046875 0.05078125
0 0.21875 0.5171875 0.22578125 0.0609375
0 0.18046875 0.7828125 0.1421875 0.09765625
0 0.2609375 0.73515625 0.109375 0.11875
0 0.296875 0.5890625 0.13203125 0.1578125
0 0.35078125 0.509375 0.21875 0.0484375
0 0.60078125 0.540625 0.2671875 0.04453125
0 0.67890625 0.51640625 0.2328125 0.06875
0 0.7375 0.80390625 0.13515625 0.12109375
0 0.84609375 0.85546875 0.0921875 0.17421875
0 0.878125 0.95078125 0.15625 0.09609375
0 0.96015625 0.54453125 0.0765625 0.06484375