0 0.44453125 0.4078125 0.03125 0.11328125
0 0.48828125 0.259375 0.0484375 0.078125
0 0.5140625 0.63359375 0.07890625 0.053125
0 0.4859375 0.51796875 0.02109375 0.0796875
0 0.5203125 0.68828125 0.0796875 0.04296875
0 0.50234375 0.48984375 0.02265625 0.06484375
0 0.525 0.28203125 0.05703125 0.0453125
0 0.546875 0.39765625 0.078125 0.0875
0 0.54765625 0.71875 0.07734375 0.05234375
0 0.534375 0.51796875 0.04140625 0.11328125
0 0.53671875 0.4671875 0.03828125 0.09140625
0 0.58125 0.4515625 0.059375 0.05859375
0 0.60390625 0.696875 0.0671875 0.07265625
0 0.58515625 0.6078125 0.0171875 0.0921875
0 0.7171875 0.77734375 0.06171875 0.09921875