0 0.53984375 0.58203125 0.4765625 0.27890625
0 0.62421875 0.2890625 0.0140625 0.0140625
0 0.634375 0.2546875 0.0203125 0.0140625
0 0.646875 0.221875 0.0140625 0.0140625
0 0.65078125 0.1609375 0.01171875 0.0140625
0 0.653125 0.06796875 0.00703125 0.01171875
0 0.65625 0.2734375 0.01171875 0.01015625
0 0.6640625 0.2609375 0.0203125 0.01171875
0 0.69609375 0.1046875 0.0203125 0.0109375
0 0.6984375 0.0265625 0.01484375 0.01015625
0 0.7125 0.0390625 0.00859375 0.01875
0 0.7203125 0.12578125 0.0171875 0.01171875
0 0.73046875 0.03203125 0.0109375 0.01953125
0 0.734375 0.0625 0.0078125 0.0109375
0 0.7421875 0.00390625 0.0140625 0.00703125
0 0.79453125 0.028125 0.0125 0.0109375