0 0.00703125 0.525 0.0140625 0.03203125
0 0.0203125 0.4546875 0.040625 0.0484375
0 0.03203125 0.39765625 0.0640625 0.0625
0 0.0515625 0.634375 0.103125 0.1
0 0.07265625 0.496875 0.1453125 0.04375
0 0.134375 0.43984375 0.09765625 0.07421875
0 0.203125 0.653125 0.1171875 0.0703125
0 0.19765625 0.38828125 0.0609375 0.071875
0 0.246875 0.4953125 0.0921875 0.07734375
0 0.290625 0.51796875 0.084375 0.1125
0 0.3171875 0.7484375 0.10859375 0.034375
0 0.3484375 0.6859375 0.0625 0.10859375
0 0.3734375 0.52578125 0.06171875 0.071875
0 0.4609375 0.5359375 0.1109375 0.05859375
0 0.5265625 0.4640625 0.09765625 0.06171875
0 0.515625 0.353125 0.07109375 0.14296875
0 0.5625 0.54140625 0.059375 0.08046875
0 0.61015625 0.70625 0.08359375 0.15703125
0 0.6421875 0.48359375 0.13984375 0.0828125
0 0.71171875 0.28671875 0.1140625 0.24140625
0 0.6875 0.725 0.0375 0.13984375
0 0.81875 0.6546875 0.1671875 0.10859375
0 0.86875 0.53671875 0.1390625 0.1171875