0 0.1265625 0.70078125 0.24609375 0.33515625
0 0.009375 0.03046875 0.01875 0.05
0 0.025 0.13828125 0.05 0.11015625
0 0.03984375 0.4875 0.0796875 0.21015625
0 0.15390625 0.28828125 0.3078125 0.24765625
0 0.10234375 0.51015625 0.13046875 0.134375
0 0.071875 0.07109375 0.04609375 0.1
0 0.1484375 0.95390625 0.1625 0.090625
0 0.48828125 0.18515625 0.8453125 0.3703125
0 0.2171875 0.86328125 0.23515625 0.1546875
0 0.1765625 0.54609375 0.1453125 0.12109375
0 0.440625 0.33125 0.6421875 0.34453125
0 0.1859375 0.95390625 0.0296875 0.090625
0 0.6296875 0.82734375 0.6578125 0.34453125
0 0.86484375 0.765625 0.26875 0.421875
0 0.8765625 0.85703125 0.0796875 0.1390625
0 0.90703125 0.33671875 0.14140625 0.109375
0 0.91875 0.15859375 0.06328125 0.07578125