0 0.021875 0.53984375 0.04375 0.0359375
0 0.03828125 0.63515625 0.04921875 0.07265625
0 0.1046875 0.421875 0.0484375 0.02734375
0 0.14375 0.47890625 0.02734375 0.0171875
0 0.2046875 0.46640625 0.0734375 0.03203125
0 0.21953125 0.77734375 0.03359375 0.06328125
0 0.265625 0.68515625 0.109375 0.0609375
0 0.25625 0.8578125 0.0265625 0.0203125
0 0.29609375 0.60625 0.09453125 0.07890625
0 0.275 0.734375 0.0296875 0.0328125
0 0.31171875 0.49765625 0.03203125 0.05859375
0 0.37421875 0.46640625 0.0640625 0.04140625
0 0.3859375 0.67265625 0.07890625 0.05703125
0 0.37890625 0.53984375 0.05234375 0.0359375
0 0.41328125 0.4453125 0.0921875 0.05
0 0.3921875 0.7734375 0.01796875 0.02890625
0 0.42734375 0.5296875 0.028125 0.0515625
0 0.434375 0.75546875 0.02421875 0.02578125
0 0.4921875 0.59296875 0.0609375 0.03984375
0 0.4828125 0.47109375 0.0359375 0.03984375
0 0.4828125 0.8734375 0.028125 0.02890625
0 0.4921875 0.83359375 0.02890625 0.03515625
0 0.50859375 0.38125 0.04375 0.02890625
0 0.52578125 0.8984375 0.0578125 0.02734375
0 0.515625 0.82265625 0.01640625 0.04296875
0 0.55390625 0.50234375 0.04140625 0.0328125
0 0.575 0.8203125 0.0765625 0.0546875
0 0.58359375 0.571875 0.09296875 0.0515625
0 0.58203125 0.89921875 0.046875 0.0328125
0 0.58515625 0.7109375 0.021875 0.0171875
0 0.621875 0.478125 0.046875 0.0390625
0 0.6578125 0.9046875 0.0296875 0.02265625
0 0.6578125 0.68984375 0.02421875 0.02265625
0 0.68046875 0.55546875 0.015625 0.02578125
0 0.70625 0.3890625 0.01953125 0.04140625
0 0.73203125 0.52421875 0.05703125 0.05
0 0.7265625 0.7109375 0.0359375 0.02734375
0 0.740625 0.39921875 0.0234375 0.034375
0 0.778125 0.27421875 0.08828125 0.0328125
0 0.80390625 0.46953125 0.03515625 0.0296875
0 0.875 0.8859375 0.05078125 0.04296875
0 0.878125 0.5703125 0.021875 0.0453125
0 0.9125 0.49765625 0.0453125 0.0453125
0 0.95859375 0.7921875 0.07890625 0.0515625