0 0.1921875 0.725 0.3546875 0.2578125
0 0.0421875 0.378125 0.084375 0.18125
0 0.1140625 0.91171875 0.228125 0.1734375
0 0.23046875 0.13515625 0.3234375 0.2703125
0 0.26875 0.41875 0.3046875 0.26875
0 0.3859375 0.89140625 0.24921875 0.203125
0 0.559375 0.6484375 0.290625 0.175
0 0.5828125 0.434375 0.2890625 0.23984375
0 0.578125 0.17890625 0.275 0.21484375
0 0.665625 0.85546875 0.2703125 0.2234375
0 0.678125 0.034375 0.28359375 0.06640625
0 0.8203125 0.253125 0.1875 0.17734375
0 0.85390625 0.65390625 0.2078125 0.21328125
0 0.88125 0.45078125 0.2234375 0.19765625
0 0.90078125 0.87890625 0.19765625 0.20234375
0 0.91796875 0.0453125 0.16328125 0.090625
0 0.95625 0.2296875 0.0859375 0.175