0 0.17734375 0.30234375 0.0265625 0.009375
0 0.3546875 0.36953125 0.03515625 0.02890625
0 0.440625 0.39140625 0.0328125 0.021875
0 0.46171875 0.453125 0.0171875 0.0140625
0 0.5 0.45625 0.015625 0.02421875
0 0.51875 0.25390625 0.04296875 0.01953125
0 0.51171875 0.56015625 0.01953125 0.02578125
0 0.51953125 0.53984375 0.0171875 0.015625
0 0.5390625 0.50078125 0.03359375 0.015625
0 0.56328125 0.3765625 0.021875 0.02265625
0 0.59765625 0.28125 0.0359375 0.02890625
0 0.653125 0.33828125 0.02890625 0.01796875
0 0.66953125 0.4109375 0.03515625 0.01171875
0 0.7890625 0.3765625 0.03515625 0.015625
0 0.81875 0.4203125 0.0390625 0.02109375