0 0.7515625 0.4375 0.0984375 0.16171875
0 0.02734375 0.36015625 0.0546875 0.0765625
0 0.0265625 0.415625 0.03359375 0.0453125
0 0.11796875 0.190625 0.0734375 0.0484375
0 0.18828125 0.346875 0.11875 0.11640625
0 0.3734375 0.234375 0.16015625 0.11796875
0 0.4578125 0.959375 0.07109375 0.0515625
0 0.47265625 0.4015625 0.0796875 0.096875
0 0.60390625 0.04296875 0.0921875 0.0859375
0 0.6109375 0.4625 0.05625 0.075
0 0.6546875 0.1203125 0.0953125 0.0765625
0 0.6515625 0.04921875 0.07109375 0.06171875
0 0.84921875 0.428125 0.0515625 0.05703125
0 0.8828125 0.0703125 0.0453125 0.04296875
0 0.94140625 0.9265625 0.02734375 0.053125
0 0.98203125 0.39453125 0.03359375 0.0484375