0 0.6046875 0.88671875 0.1546875 0.16015625
0 0.09375 0.140625 0.08828125 0.1390625
0 0.09375 0.4140625 0.03125 0.146875
0 0.15859375 0.48515625 0.046875 0.12421875
0 0.17890625 0.32109375 0.0375 0.115625
0 0.2515625 0.3734375 0.1078125 0.0828125
0 0.221875 0.91484375 0.03359375 0.16953125
0 0.2671875 0.46171875 0.0375 0.1453125
0 0.315625 0.54453125 0.0328125 0.18671875
0 0.3546875 0.259375 0.04609375 0.1015625
0 0.3578125 0.5421875 0.04140625 0.096875
0 0.390625 0.43359375 0.0265625 0.1171875
0 0.45234375 0.871875 0.11015625 0.02890625
0 0.4515625 0.1265625 0.0796875 0.0984375
0 0.4890625 0.415625 0.1546875 0.0984375
0 0.440625 0.925 0.0234375 0.1484375
0 0.44765625 0.6109375 0.0359375 0.12421875
0 0.5078125 0.3484375 0.0171875 0.08046875
0 0.55234375 0.35703125 0.05390625 0.05859375
0 0.584375 0.11015625 0.053125 0.02734375
0 0.603125 0.69140625 0.08671875 0.08046875
0 0.60078125 0.3046875 0.05078125 0.0546875
0 0.628125 0.36328125 0.0546875 0.07890625
0 0.61875 0.60859375 0.02578125 0.14921875
0 0.63828125 0.18359375 0.03515625 0.10859375
0 0.68671875 0.315625 0.0984375 0.053125
0 0.68046875 0.6359375 0.07734375 0.09453125
0 0.74765625 0.93828125 0.1234375 0.12265625
0 0.7546875 0.66328125 0.12578125 0.0515625
0 0.73046875 0.1140625 0.0265625 0.05
0 0.78984375 0.55078125 0.0671875 0.0484375
0 0.78125 0.67890625 0.03359375 0.16015625
0 0.78359375 0.18046875 0.0359375 0.103125
0 0.8140625 0.134375 0.03984375 0.0515625
0 0.8703125 0.678125 0.07265625 0.19296875
0 0.890625 0.05546875 0.04453125 0.053125
0 0.91875 0.40234375 0.0609375 0.0515625
0 0.9421875 0.2046875 0.08515625 0.12734375
0 0.9109375 0.36015625 0.0171875 0.02890625
0 0.98203125 0.4328125 0.03515625 0.0421875