0 0.38359375 0.36328125 0.2734375 0.22890625
0 0.03828125 0.82109375 0.0765625 0.115625
0 0.075 0.46953125 0.10859375 0.11015625
0 0.0671875 0.58046875 0.0203125 0.0484375
0 0.209375 0.64765625 0.12578125 0.09453125
0 0.19140625 0.728125 0.0546875 0.059375
0 0.4 0.2765625 0.115625 0.05234375
0 0.4125 0.6296875 0.1140625 0.09453125
0 0.56015625 0.1828125 0.08671875 0.08046875
0 0.58515625 0.4265625 0.1359375 0.1671875
0 0.5734375 0.04921875 0.015625 0.028125
0 0.6609375 0.3421875 0.04296875 0.0671875
0 0.69453125 0.31796875 0.04140625 0.05
0 0.74140625 0.44609375 0.12734375 0.1171875
0 0.746875 0.25234375 0.02578125 0.046875