0 0.203125 0.3484375 0.11796875 0.10546875
0 0.2109375 0.57890625 0.025 0.0328125
0 0.253125 0.40390625 0.08203125 0.1203125
0 0.23359375 0.67734375 0.0328125 0.04140625
0 0.2765625 0.52578125 0.1109375 0.0875
0 0.2953125 0.6140625 0.05390625 0.0375
0 0.28515625 0.57421875 0.02734375 0.03125
0 0.3375 0.3921875 0.06953125 0.11796875
0 0.3375 0.5953125 0.0453125 0.034375
0 0.38359375 0.50625 0.08203125 0.08515625
0 0.36171875 0.63515625 0.0359375 0.02421875
0 0.3640625 0.58828125 0.02734375 0.03125
0 0.3671875 0.56875 0.02734375 0.02265625
0 0.36875 0.6640625 0.03125 0.028125
0 0.37734375 0.634375 0.03828125 0.02265625
0 0.4 0.61953125 0.0328125 0.028125
0 0.42578125 0.38359375 0.0765625 0.0859375
0 0.40234375 0.63203125 0.02734375 0.02578125
0 0.40625 0.64921875 0.0296875 0.02578125
0 0.425 0.38671875 0.0546875 0.07890625
0 0.4359375 0.52109375 0.0421875 0.078125
0 0.48046875 0.38359375 0.07109375 0.07578125
0 0.55 0.50625 0.0703125 0.15703125
0 0.5875 0.47890625 0.02890625 0.059375
0 0.6046875 0.52578125 0.03125 0.015625
0 0.7109375 0.415625 0.075 0.0890625
0 0.70078125 0.65234375 0.053125 0.0515625
0 0.74765625 0.59140625 0.1015625 0.125
0 0.72734375 0.478125 0.0578125 0.08125
0 0.746875 0.5015625 0.08671875 0.0484375
0 0.78515625 0.4546875 0.0546875 0.040625
0 0.78046875 0.4265625 0.04140625 0.07734375
0 0.8125 0.259375 0.0640625 0.09296875
0 0.8328125 0.42421875 0.05234375 0.09609375
0 0.83984375 0.50703125 0.0328125 0.0515625
0 0.8546875 0.45703125 0.0421875 0.0515625
0 0.8703125 0.55078125 0.0484375 0.0515625
0 0.8890625 0.4953125 0.0484375 0.0375
0 0.896875 0.52109375 0.040625 0.04140625
0 0.909375 0.4578125 0.04609375 0.07578125
0 0.92109375 0.61328125 0.0703125 0.0515625
0 0.9515625 0.6078125 0.0734375 0.05859375
0 0.9328125 0.553125 0.0265625 0.03125
0 0.940625 0.59453125 0.0265625 0.07578125
0 0.94609375 0.5109375 0.02734375 0.0734375
0 0.96640625 0.571875 0.025 0.05546875
0 0.98203125 0.51640625 0.03515625 0.0828125
0 0.98828125 0.58046875 0.021875 0.0234375
0 0.98984375 0.60625 0.01953125 0.05859375