0 0.2921875 0.7484375 0.5703125 0.49296875
0 0.05078125 0.07734375 0.1015625 0.04375
0 0.15 0.44921875 0.08359375 0.05390625
0 0.2 0.0671875 0.159375 0.03203125
0 0.15546875 0.41171875 0.06171875 0.04375
0 0.184375 0.09765625 0.1140625 0.06015625
0 0.2078125 0.41015625 0.075 0.03984375
0 0.25390625 0.1796875 0.13984375 0.06875
0 0.228125 0.4609375 0.0734375 0.06171875
0 0.27578125 0.40390625 0.10234375 0.05234375
0 0.30625 0.11796875 0.121875 0.06171875
0 0.321875 0.521875 0.10859375 0.03671875
0 0.3296875 0.2703125 0.1140625 0.05390625
0 0.3328125 0.36875 0.06953125 0.06875
0 0.39375 0.246875 0.09140625 0.08828125
0 0.42265625 0.4828125 0.09296875 0.05625
0 0.440625 0.384375 0.1203125 0.0921875
0 0.52421875 0.35078125 0.10234375 0.05
0 0.53828125 0.46171875 0.11328125 0.040625
0 0.54140625 0.39921875 0.06015625 0.0421875
0 0.62421875 0.096875 0.0859375 0.0421875
0 0.6390625 0.2796875 0.115625 0.115625
0 0.72421875 0.6390625 0.171875 0.05234375
0 0.7125 0.16875 0.06171875 0.0640625
0 0.78203125 0.04140625 0.11796875 0.0828125
0 0.8609375 0.5609375 0.2375 0.15390625
0 0.80625 0.23359375 0.08203125 0.12265625
0 0.8140625 0.771875 0.09140625 0.05625
0 0.8359375 0.81015625 0.10234375 0.0828125
0 0.83203125 0.34765625 0.09140625 0.09765625
0 0.884375 0.915625 0.065625 0.04765625
0 0.89375 0.43515625 0.07890625 0.05234375
0 0.89765625 0.734375 0.0796875 0.10390625
0 0.93984375 0.32578125 0.11875 0.065625
0 0.9375 0.35390625 0.0359375 0.0859375
0 0.98671875 0.02734375 0.02578125 0.05234375