0 0.5203125 0.1390625 0.1015625 0.1
0 0.021875 0.45546875 0.04375 0.0515625
0 0.04296875 0.528125 0.0859375 0.0578125
0 0.04453125 0.303125 0.0890625 0.05078125
0 0.0234375 0.3578125 0.04453125 0.02890625
0 0.05390625 0.59453125 0.1046875 0.04375
0 0.0390625 0.70078125 0.01953125 0.08046875
0 0.08359375 0.44296875 0.0890625 0.07890625
0 0.1171875 0.40703125 0.0921875 0.04609375
0 0.11875 0.5390625 0.06953125 0.0515625
0 0.14296875 0.340625 0.1046875 0.06015625
0 0.12890625 0.1484375 0.071875 0.07109375
0 0.1421875 0.59140625 0.06953125 0.04609375
0 0.146875 0.51015625 0.07421875 0.059375
0 0.1765625 0.63359375 0.1046875 0.03828125
0 0.17109375 0.88828125 0.08046875 0.075
0 0.18359375 0.57890625 0.0625 0.05546875
0 0.221875 0.253125 0.08046875 0.04609375
0 0.23046875 0.609375 0.071875 0.0453125
0 0.25546875 0.4046875 0.1140625 0.034375
0 0.2546875 0.85703125 0.1 0.053125
0 0.259375 0.36328125 0.0890625 0.0515625
0 0.27578125 0.2390625 0.11171875 0.059375
0 0.2671875 0.6703125 0.0671875 0.034375
0 0.2765625 0.496875 0.03828125 0.03671875
0 0.30625 0.47109375 0.09453125 0.06640625
0 0.321875 0.6203125 0.1015625 0.05
0 0.33125 0.7453125 0.0828125 0.05703125
0 0.3421875 0.3640625 0.1015625 0.075
0 0.34921875 0.5171875 0.11015625 0.04375
0 0.34453125 0.96953125 0.0609375 0.059375
0 0.36875 0.70625 0.0921875 0.040625
0 0.37578125 0.3046875 0.0859375 0.040625
0 0.38671875 0.38046875 0.09765625 0.03828125
0 0.3625 0.86953125 0.04375 0.05625
0 0.4140625 0.66875 0.09609375 0.0234375
0 0.403125 0.7796875 0.0640625 0.03828125
0 0.44296875 0.478125 0.11015625 0.05
0 0.440625 0.784375 0.07578125 0.090625
0 0.4515625 0.328125 0.0828125 0.05703125
0 0.45234375 0.44765625 0.084375 0.02890625
0 0.484375 0.4140625 0.096875 0.08984375
0 0.47109375 0.77109375 0.06875 0.06015625
0 0.4890625 0.3546875 0.07421875 0.053125
0 0.496875 0.71171875 0.0828125 0.0671875
0 0.49921875 0.2578125 0.078125 0.05234375
0 0.4984375 0.609375 0.06875 0.0828125
0 0.50703125 0.7359375 0.059375 0.02734375
0 0.5171875 0.31640625 0.06015625 0.02734375
0 0.5078125 0.86875 0.0296875 0.0765625
0 0.546875 0.52421875 0.09765625 0.0578125
0 0.5328125 0.44140625 0.06171875 0.03828125
0 0.55703125 0.32890625 0.06953125 0.04765625
0 0.5703125 0.6140625 0.08515625 0.06171875
0 0.57890625 0.7578125 0.10234375 0.06015625
0 0.59140625 0.278125 0.08671875 0.09296875
0 0.60703125 0.6515625 0.10234375 0.03828125
0 0.60859375 0.45234375 0.0921875 0.06015625
0 0.61171875 0.4125 0.0859375 0.05078125
0 0.6203125 0.2203125 0.09609375 0.06171875
0 0.6234375 0.16953125 0.08984375 0.109375
0 0.62890625 0.69375 0.0796875 0.05
0 0.65 0.05859375 0.0671875 0.0234375
0 0.6734375 0.6828125 0.09765625 0.03203125
0 0.659375 0.38515625 0.059375 0.0328125
0 0.67890625 0.52109375 0.09765625 0.05546875
0 0.6671875 0.42421875 0.03828125 0.0421875
0 0.69765625 0.340625 0.0859375 0.07109375
0 0.690625 0.55859375 0.0703125 0.02734375
0 0.7203125 0.64453125 0.10390625 0.0640625
0 0.7171875 0.39453125 0.05625 0.040625
0 0.740625 0.33671875 0.03671875 0.03203125
0 0.759375 0.24140625 0.06953125 0.06484375
0 0.77734375 0.51875 0.08984375 0.06953125
0 0.79921875 0.403125 0.1 0.06953125
0 0.8109375 0.1390625 0.11015625 0.0671875
0 0.80859375 0.5921875 0.09375 0.0734375
0 0.84375 0.42578125 0.059375 0.06171875
0 0.8578125 0.47578125 0.0359375 0.04609375
0 0.86640625 0.553125 0.0421875 0.05