0 0.10234375 0.16875 0.10078125 0.04609375
0 0.11484375 0.22890625 0.12109375 0.034375
0 0.16640625 0.0515625 0.14609375 0.06875
0 0.24921875 0.1015625 0.1296875 0.06328125
0 0.5609375 0.2703125 0.553125 0.39609375
0 0.60078125 0.04921875 0.13203125 0.04609375
0 0.70390625 0.11171875 0.1640625 0.040625
0 0.8015625 0.2765625 0.3328125 0.13828125
0 0.82890625 0.40625 0.240625 0.07578125
0 0.90390625 0.58671875 0.190625 0.05625
0 0.89921875 0.9046875 0.13671875 0.04296875
0 0.91953125 0.46796875 0.159375 0.10234375
0 0.94453125 0.2078125 0.109375 0.0875
0 0.94921875 0.0984375 0.1 0.09765625
0 0.95390625 0.3359375 0.090625 0.08359375