0 0.0140625 0.803125 0.02734375 0.03359375
0 0.22734375 0.2234375 0.4546875 0.446875
0 0.0109375 0.55546875 0.01484375 0.0140625
0 0.0203125 0.4828125 0.01484375 0.021875
0 0.0515625 0.15703125 0.02734375 0.021875
0 0.0671875 0.490625 0.0171875 0.015625
0 0.15703125 0.5953125 0.06796875 0.07421875
0 0.88359375 0.44375 0.0265625 0.0171875
0 0.88671875 0.0921875 0.0140625 0.0234375
0 0.89453125 0.04140625 0.0171875 0.01328125
0 0.91171875 0.9328125 0.03125 0.03515625
0 0.90859375 0.47890625 0.01953125 0.01328125
0 0.953125 0.05859375 0.0171875 0.015625
0 0.95625 0.45 0.01640625 0.0140625
0 0.97578125 0.14375 0.0140625 0.0296875
0 0.99140625 0.11875 0.015625 0.0171875