0 0.24921875 0.75625 0.4546875 0.1578125
0 0.11484375 0.30234375 0.2296875 0.08671875
0 0.11328125 0.128125 0.225 0.1828125
0 0.1609375 0.5984375 0.31015625 0.0890625
0 0.14921875 0.4484375 0.2796875 0.14375
0 0.421875 0.25 0.35703125 0.21171875
0 0.4640625 0.096875 0.43203125 0.09375
0 0.49609375 0.89765625 0.4515625 0.1296875
0 0.44609375 0.5109375 0.24296875 0.3171875
0 0.73671875 0.75 0.41484375 0.08671875
0 0.759375 0.3703125 0.40078125 0.1796875
0 0.7734375 0.5984375 0.39921875 0.1703125
0 0.80546875 0.1578125 0.225 0.21875