0 0.75625 0.7796875 0.14296875 0.23203125
0 0.23203125 0.28203125 0.040625 0.06640625
0 0.36875 0.0703125 0.02578125 0.02421875
0 0.4265625 0.1765625 0.0671875 0.04921875
0 0.471875 0.42421875 0.02578125 0.03359375
0 0.53515625 0.92890625 0.13125 0.06484375
0 0.51484375 0.34296875 0.046875 0.059375
0 0.5078125 0.30859375 0.0296875 0.01484375
0 0.55625 0.7484375 0.1 0.08828125
0 0.521875 0.27109375 0.02421875 0.05390625
0 0.60703125 0.01171875 0.0265625 0.0234375
0 0.6234375 0.25859375 0.03125 0.05703125
0 0.659375 0.52734375 0.0625 0.04140625
0 0.6640625 0.37734375 0.0484375 0.04375
0 0.66484375 0.0859375 0.01875 0.028125
0 0.78984375 0.44140625 0.046875 0.06328125
0 0.7828125 0.253125 0.01015625 0.02109375
0 0.7875 0.1625 0.01015625 0.04609375
0 0.78984375 0.04921875 0.01171875 0.028125
0 0.8671875 0.71953125 0.071875 0.0625
0 0.846875 0.30234375 0.02265625 0.09609375
0 0.9078125 0.53203125 0.0609375 0.10859375
0 0.92109375 0.2828125 0.015625 0.05703125