0 0.7640625 0.4734375 0.13046875 0.11640625
0 0.00625 0.19921875 0.0125 0.04609375
0 0.01328125 0.29609375 0.021875 0.03046875
0 0.03046875 0.22109375 0.053125 0.053125
0 0.02109375 0.0375 0.02421875 0.025
0 0.07421875 0.25703125 0.08515625 0.06953125
0 0.096875 0.346875 0.10234375 0.1015625
0 0.08984375 0.14765625 0.07265625 0.07109375
0 0.13984375 0.29375 0.03984375 0.065625
0 0.18515625 0.20703125 0.07421875 0.0640625
0 0.2046875 0.490625 0.08046875 0.1125
0 0.22109375 0.315625 0.021875 0.0359375
0 0.24921875 0.2828125 0.07265625 0.07109375
0 0.2546875 0.165625 0.05703125 0.05859375
0 0.28203125 0.1859375 0.075 0.06953125
0 0.328125 0.03125 0.03984375 0.04296875
0 0.3609375 0.26328125 0.053125 0.05703125
0 0.39296875 0.46796875 0.071875 0.06953125
0 0.39375 0.21640625 0.06640625 0.0609375
0 0.4 0.28046875 0.07890625 0.05859375
0 0.459375 0.175 0.06484375 0.05859375
0 0.46484375 0.3234375 0.03671875 0.046875
0 0.4546875 0.10625 0.01328125 0.0265625
0 0.49453125 0.25390625 0.05625 0.075
0 0.50234375 0.459375 0.059375 0.125
0 0.50234375 0.30078125 0.0375 0.040625
0 0.515625 0.22421875 0.04609375 0.04609375
0 0.57578125 0.1921875 0.06015625 0.059375
0 0.56015625 0.30625 0.015625 0.05703125
0 0.59765625 0.3953125 0.08515625 0.08203125
0 0.59140625 0.24765625 0.06640625 0.0515625
0 0.5875 0.0859375 0.03125 0.0390625
0 0.61875 0.15703125 0.02265625 0.025
0 0.61796875 0.315625 0.015625 0.0390625
0 0.64453125 0.30546875 0.05859375 0.0640625
0 0.67734375 0.284375 0.07890625 0.065625
0 0.68828125 0.025 0.05234375 0.04140625
0 0.7296875 0.23671875 0.11171875 0.0625
0 0.72265625 0.1671875 0.07265625 0.06796875
0 0.75546875 0.30546875 0.08828125 0.05859375
0 0.73984375 0.34921875 0.04140625 0.0375
0 0.79765625 0.51953125 0.07578125 0.09140625
0 0.78203125 0.35 0.04140625 0.046875
0 0.8265625 0.31328125 0.07578125 0.04609375
0 0.8875 0.45078125 0.12890625 0.0765625
0 0.878125 0.3046875 0.04765625 0.04609375
0 0.90234375 0.146875 0.08984375 0.07109375
0 0.89609375 0.346875 0.05703125 0.0390625
0 0.90625 0.2765625 0.07265625 0.053125
0 0.9140625 0.01171875 0.03046875 0.0234375
0 0.965625 0.26484375 0.06640625 0.05390625