0 0.79765625 0.753125 0.3375 0.29140625
0 0.17734375 0.27265625 0.246875 0.1640625
0 0.2046875 0.340625 0.2375 0.14140625
0 0.30078125 0.40625 0.22265625 0.13046875
0 0.31640625 0.1609375 0.1765625 0.15
0 0.384375 0.19609375 0.1984375 0.165625
0 0.415625 0.24609375 0.18359375 0.24453125
0 0.47109375 0.41953125 0.22734375 0.0953125
0 0.5484375 0.5203125 0.3140625 0.096875
0 0.5140625 0.28046875 0.18984375 0.1859375
0 0.54453125 0.5921875 0.25078125 0.1859375
0 0.5875 0.2984375 0.21796875 0.1640625
0 0.70703125 0.64765625 0.253125 0.15859375
0 0.6921875 0.3828125 0.07890625 0.22890625
0 0.77734375 0.4453125 0.1390625 0.21171875
0 0.86171875 0.5140625 0.12734375 0.21796875
0 0.9390625 0.95390625 0.1203125 0.08984375