0 0.03515625 0.496875 0.06875 0.28046875
0 0.034375 0.92734375 0.06484375 0.1171875
0 0.16875 0.92421875 0.17265625 0.15
0 0.178125 0.603125 0.05546875 0.178125
0 0.415625 0.834375 0.35390625 0.1765625
0 0.3921875 0.64765625 0.1234375 0.071875
0 0.68203125 0.3296875 0.63515625 0.3953125
0 0.42265625 0.6046875 0.1015625 0.109375
0 0.4625 0.0484375 0.165625 0.096875
0 0.534375 0.15859375 0.178125 0.15546875
0 0.58984375 0.559375 0.2453125 0.190625
0 0.534375 0.74765625 0.11953125 0.04921875
0 0.609375 0.659375 0.1234375 0.078125
0 0.78359375 0.8703125 0.375 0.2578125
0 0.9140625 0.20859375 0.14140625 0.1265625