0 0.5859375 0.21171875 0.1328125 0.09140625
0 0.0109375 0.24765625 0.021875 0.02265625
0 0.5 0.6390625 0.99921875 0.71015625
0 0.0265625 0.25390625 0.0234375 0.01953125
0 0.0828125 0.034375 0.10234375 0.06796875
0 0.06796875 0.3203125 0.0640625 0.03203125
0 0.15078125 0.209375 0.0453125 0.0390625
0 0.28515625 0.24453125 0.05 0.02421875
0 0.43828125 0.20859375 0.04375 0.02890625
0 0.8359375 0.259375 0.121875 0.04609375
0 0.85703125 0.21015625 0.03359375 0.02578125
0 0.98828125 0.24140625 0.021875 0.046875