0 0.421875 0.328125 0.2328125 0.16953125
0 0.1734375 0.625 0.26796875 0.221875
0 0.18984375 0.68125 0.07109375 0.09921875
0 0.20625 0.28359375 0.07421875 0.05625
0 0.203125 0.35234375 0.05859375 0.059375
0 0.30390625 0.18125 0.1078125 0.1078125
0 0.36953125 0.77890625 0.15625 0.1515625
0 0.43203125 0.5296875 0.21015625 0.1890625
0 0.57578125 0.5046875 0.13515625 0.2015625
0 0.54609375 0.115625 0.03828125 0.0515625
0 0.6125 0.7546875 0.11015625 0.17734375
0 0.696875 0.196875 0.09453125 0.10078125
0 0.73515625 0.46640625 0.04375 0.090625
0 0.815625 0.1984375 0.04609375 0.053125
0 0.87734375 0.2171875 0.08671875 0.1515625
0 0.93125 0.5890625 0.13515625 0.2046875
0 0.98515625 0.259375 0.028125 0.04453125