0 0.03984375 0.5640625 0.053125 0.02109375
0 0.08125 0.79921875 0.04453125 0.0265625
0 0.096875 0.75859375 0.0578125 0.021875
0 0.14296875 0.59921875 0.04453125 0.02421875
0 0.2109375 0.25859375 0.02421875 0.02421875
0 0.228125 0.44609375 0.021875 0.0296875
0 0.246875 0.5796875 0.04453125 0.0265625
0 0.25078125 0.6078125 0.04140625 0.03359375
0 0.26640625 0.246875 0.04140625 0.02421875
0 0.27421875 0.4828125 0.0296875 0.01875
0 0.2734375 0.15703125 0.02265625 0.0265625
0 0.28359375 0.55234375 0.034375 0.021875
0 0.2890625 0.5796875 0.04453125 0.03984375
0 0.30625 0.2640625 0.0390625 0.0203125
0 0.303125 0.21796875 0.028125 0.0265625
0 0.3140625 0.546875 0.0421875 0.02890625
0 0.315625 0.29609375 0.0296875 0.02109375
0 0.32265625 0.2671875 0.02421875 0.02578125
0 0.3265625 0.06875 0.02265625 0.01796875
0 0.33046875 0.178125 0.03203125 0.02890625
0 0.34140625 0.5125 0.053125 0.02109375
0 0.33046875 0.40078125 0.028125 0.03359375
0 0.3375 0.44296875 0.04140625 0.02109375
0 0.340625 0.0984375 0.01953125 0.02109375
0 0.34765625 0.16640625 0.02578125 0.01796875
0 0.36328125 0.3796875 0.04140625 0.0265625
0 0.3578125 0.121875 0.01640625 0.021875
0 0.36171875 0.18359375 0.02421875 0.01640625
0 0.36484375 0.0796875 0.02890625 0.01640625
0 0.371875 0.4703125 0.04296875 0.0203125
0 0.36796875 0.0953125 0.0328125 0.021875
0 0.3703125 0.03125 0.0234375 0.03359375
0 0.37890625 0.5125 0.04140625 0.028125
0 0.38828125 0.54375 0.05 0.04140625
0 0.38515625 0.246875 0.03515625 0.02421875
0 0.38515625 0.32421875 0.03515625 0.02109375
0 0.38515625 0.403125 0.03515625 0.0375
0 0.38359375 0.13359375 0.0296875 0.0203125
0 0.39296875 0.42578125 0.03203125 0.02109375
0 0.396875 0.2296875 0.0296875 0.021875
0 0.4046875 0.37578125 0.0359375 0.02109375
0 0.4109375 0.4390625 0.04609375 0.028125
0 0.4109375 0.32890625 0.0390625 0.02421875
0 0.421875 0.01015625 0.034375 0.0203125
0 0.4328125 0.6703125 0.0515625 0.02578125
0 0.4328125 0.56796875 0.04609375 0.028125
0 0.44140625 0.0984375 0.0265625 0.0140625
0 0.4578125 0.35703125 0.04140625 0.01796875
0 0.4765625 0.03359375 0.01953125 0.01640625
0 0.47734375 0.0125 0.021875 0.015625
0 0.49921875 0.3515625 0.0375 0.0140625
0 0.50859375 0.23359375 0.02265625 0.021875
0 0.540625 0.03984375 0.0375 0.021875
0 0.559375 0.08125 0.03671875 0.0203125
0 0.58046875 0.01640625 0.0296875 0.01796875