0 0.3515625 0.7234375 0.09765625 0.2234375
0 0.11484375 0.04140625 0.04609375 0.0640625
0 0.1625 0.1578125 0.0171875 0.03515625
0 0.2203125 0.01328125 0.0484375 0.0265625
0 0.27890625 0.24609375 0.059375 0.04453125
0 0.309375 0.090625 0.0140625 0.02734375
0 0.3515625 0.3515625 0.0171875 0.01796875
0 0.40625 0.1078125 0.0546875 0.06484375
0 0.440625 0.12265625 0.0234375 0.04296875
0 0.6421875 0.0796875 0.05390625 0.05078125
0 0.65078125 0.1296875 0.028125 0.046875
0 0.70078125 0.0984375 0.02890625 0.0953125
0 0.79921875 0.090625 0.03046875 0.04296875