0 0.73984375 0.1390625 0.10078125 0.09921875
0 0.03203125 0.76953125 0.03984375 0.02109375
0 0.0640625 0.37890625 0.028125 0.04453125
0 0.2265625 0.26171875 0.03671875 0.0546875
0 0.3515625 0.81796875 0.0640625 0.03671875
0 0.359375 0.11484375 0.065625 0.0546875
0 0.4046875 0.02890625 0.128125 0.04296875
0 0.41484375 0.25234375 0.0453125 0.0546875
0 0.45859375 0.4578125 0.096875 0.0296875
0 0.45625 0.79296875 0.06953125 0.02578125
0 0.48671875 0.290625 0.06796875 0.05078125
0 0.49375 0.365625 0.0328125 0.01953125
0 0.4984375 0.8359375 0.03125 0.03359375
0 0.51640625 0.80546875 0.06796875 0.01953125
0 0.52265625 0.62890625 0.05546875 0.0390625
0 0.578125 0.45703125 0.159375 0.11171875
0 0.5328125 0.59140625 0.05234375 0.04453125
0 0.559375 0.19453125 0.090625 0.05625
0 0.54921875 0.77734375 0.04375 0.03359375
0 0.5671875 0.16328125 0.05 0.071875
0 0.5734375 0.66328125 0.0609375 0.0328125
0 0.5796875 0.3375 0.059375 0.0546875
0 0.5859375 0.71953125 0.0609375 0.0328125
0 0.58828125 0.753125 0.059375 0.0296875
0 0.5921875 0.5203125 0.065625 0.04296875
0 0.59921875 0.21796875 0.0625 0.08203125
0 0.6015625 0.284375 0.06796875 0.07421875
0 0.61015625 0.58046875 0.08125 0.10703125
0 0.6390625 0.79609375 0.10078125 0.08984375
0 0.63359375 0.6203125 0.0453125 0.0484375
0 0.66875 0.2640625 0.10078125 0.06015625
0 0.6609375 0.6890625 0.046875 0.02890625
0 0.66640625 0.6578125 0.059375 0.0328125
0 0.6640625 0.41328125 0.03984375 0.0453125
0 0.671875 0.353125 0.05546875 0.07421875
0 0.6734375 0.55390625 0.059375 0.040625
0 0.67109375 0.4390625 0.03984375 0.046875
0 0.678125 0.878125 0.04375 0.0171875
0 0.6953125 0.5796875 0.05 0.046875
0 0.69453125 0.59765625 0.03125 0.04140625
0 0.71328125 0.665625 0.04140625 0.0375
0 0.73359375 0.73515625 0.08125 0.0328125
0 0.73203125 0.84296875 0.0296875 0.0171875
0 0.7390625 0.475 0.03984375 0.03515625