0 0.21171875 0.6921875 0.3703125 0.41171875
0 0.2984375 0.4875 0.1796875 0.17265625
0 0.38046875 0.4171875 0.18671875 0.14453125
0 0.48125 0.628125 0.37578125 0.36484375
0 0.4765625 0.88828125 0.29765625 0.20703125
0 0.428125 0.41953125 0.1765625 0.09765625
0 0.5078125 0.22734375 0.278125 0.25546875
0 0.5484375 0.378125 0.1953125 0.0953125
0 0.6046875 0.47734375 0.1453125 0.13984375
0 0.7046875 0.80234375 0.23046875 0.34453125
0 0.78359375 0.38359375 0.3828125 0.3515625
0 0.7796875 0.45390625 0.34609375 0.13671875
0 0.790625 0.696875 0.3515625 0.19453125
0 0.809375 0.57734375 0.26640625 0.12109375
0 0.8234375 0.503125 0.26875 0.16171875
0 0.9140625 0.14296875 0.1703125 0.2859375