0 0.36328125 0.6109375 0.51640625 0.7015625
0 0.05859375 0.2765625 0.11484375 0.103125
0 0.10234375 0.678125 0.1171875 0.0765625
0 0.14296875 0.18671875 0.15390625 0.10703125
0 0.48515625 0.33828125 0.1296875 0.0796875
0 0.7828125 0.73359375 0.4328125 0.5296875
0 0.6421875 0.28984375 0.1203125 0.06328125
0 0.71328125 0.47265625 0.17109375 0.121875
0 0.7359375 0.11171875 0.1765625 0.10703125
0 0.7453125 0.31328125 0.17890625 0.096875
0 0.82578125 0.48359375 0.1859375 0.14296875
0 0.8453125 0.159375 0.04609375 0.05859375
0 0.89609375 0.21484375 0.06484375 0.05703125