0 0.01875 0.74140625 0.021875 0.0171875
0 0.0515625 0.678125 0.01953125 0.0078125
0 0.05703125 0.83515625 0.03046875 0.0140625
0 0.1359375 0.8796875 0.1671875 0.21328125
0 0.06875 0.86484375 0.028125 0.01875
0 0.0734375 0.81796875 0.0171875 0.03203125
0 0.115625 0.7109375 0.0140625 0.01484375
0 0.12890625 0.6546875 0.03046875 0.00546875
0 0.15703125 0.725 0.03046875 0.0125
0 0.2671875 0.678125 0.21484375 0.15546875
0 0.18984375 0.8765625 0.03984375 0.0046875
0 0.1921875 0.76796875 0.01640625 0.02890625
0 0.20546875 0.803125 0.01171875 0.0421875
0 0.3546875 0.29921875 0.02578125 0.01875
0 0.390625 0.4421875 0.0234375 0.059375
0 0.41015625 0.39296875 0.02421875 0.05546875
0 0.4609375 0.4359375 0.0546875 0.06484375
0 0.51328125 0.58515625 0.0453125 0.08046875
0 0.53515625 0.4453125 0.08671875 0.084375
0 0.63828125 0.7828125 0.109375 0.1078125