0 0.4875 0.40546875 0.00859375 0.025
0 0.50625 0.45703125 0.0171875 0.02265625
0 0.51171875 0.37265625 0.01953125 0.02265625
0 0.5390625 0.5578125 0.0125 0.009375
0 0.54765625 0.40078125 0.02890625 0.034375
0 0.553125 0.528125 0.01015625 0.0265625
0 0.5546875 0.484375 0.0125 0.01484375
0 0.55546875 0.459375 0.00859375 0.0171875
0 0.55859375 0.54453125 0.01015625 0.01796875
0 0.56171875 0.553125 0.01640625 0.015625
0 0.5671875 0.44921875 0.01015625 0.0078125
0 0.86171875 0.415625 0.27578125 0.39765625