0 0.60546875 0.48828125 0.421875 0.2640625
0 0.046875 0.50546875 0.09375 0.2265625
0 0.071875 0.715625 0.1421875 0.39140625
0 0.20390625 0.59921875 0.32109375 0.1390625
0 0.18828125 0.41484375 0.17421875 0.053125
0 0.2125 0.4828125 0.21171875 0.0765625
0 0.1765625 0.35625 0.09921875 0.08203125
0 0.2546875 0.253125 0.10234375 0.15078125
0 0.49375 0.265625 0.18828125 0.24921875
0 0.80234375 0.31484375 0.18984375 0.08203125
0 0.9046875 0.4640625 0.1890625 0.13515625
0 0.91953125 0.31171875 0.16015625 0.1234375
0 0.940625 0.36640625 0.08203125 0.10234375