0 0.30078125 0.54921875 0.17265625 0.14296875
0 0.1359375 0.87265625 0.0296875 0.0140625
0 0.44296875 0.68125 0.03515625 0.01953125
0 0.4875 0.65 0.0328125 0.01484375
0 0.51640625 0.64765625 0.02890625 0.0203125
0 0.56953125 0.8 0.021875 0.01484375
0 0.58828125 0.68515625 0.0203125 0.0171875
0 0.60625 0.5984375 0.03515625 0.0296875
0 0.67890625 0.61640625 0.01328125 0.02734375
0 0.68359375 0.659375 0.0171875 0.0171875
0 0.6890625 0.63359375 0.0140625 0.003125
0 0.70625 0.69609375 0.0203125 0.02265625
0 0.725 0.58359375 0.0375 0.02734375
0 0.746875 0.7234375 0.04765625 0.05859375
0 0.75625 0.52421875 0.0265625 0.0328125
0 0.8109375 0.46484375 0.028125 0.01640625
0 0.834375 0.58984375 0.0265625 0.02578125
0 0.890625 0.49921875 0.03203125 0.02421875