0 0.725 0.40625 0.0984375 0.0796875
0 0.08203125 0.30703125 0.1640625 0.08984375
0 0.1109375 0.21171875 0.221875 0.1640625
0 0.1171875 0.4875 0.234375 0.1046875
0 0.121875 0.52890625 0.0796875 0.05859375
0 0.24296875 0.05234375 0.278125 0.1046875
0 0.2875 0.13359375 0.3265625 0.08828125
0 0.2296875 0.37890625 0.1578125 0.1640625
0 0.240625 0.55234375 0.0484375 0.075
0 0.303125 0.52890625 0.08046875 0.128125
0 0.3265625 0.5203125 0.0671875 0.08359375
0 0.40625 0.50703125 0.046875 0.0546875
0 0.9265625 0.178125 0.13203125 0.09140625