0 0.10390625 0.25625 0.17890625 0.16875
0 0.03203125 0.77265625 0.0640625 0.08515625
0 0.09921875 0.528125 0.1984375 0.1421875
0 0.12265625 0.9109375 0.2453125 0.175
0 0.1953125 0.67734375 0.36484375 0.14765625
0 0.21171875 0.040625 0.32890625 0.08046875
0 0.321875 0.140625 0.41015625 0.15
0 0.30390625 0.275 0.2578125 0.11171875
0 0.3421875 0.578125 0.2671875 0.10546875
0 0.46328125 0.34609375 0.41796875 0.14609375
0 0.509375 0.8953125 0.34609375 0.20703125
0 0.6765625 0.7328125 0.471875 0.24375
0 0.609375 0.49765625 0.31953125 0.12265625
0 0.69765625 0.44296875 0.434375 0.13984375
0 0.65 0.2078125 0.30859375 0.096875
0 0.8140625 0.8875 0.34765625 0.11015625
0 0.87265625 0.37109375 0.253125 0.103125
0 0.89296875 0.178125 0.21171875 0.12890625
0 0.8953125 0.27265625 0.20859375 0.12890625
0 0.94609375 0.81796875 0.10546875 0.1015625
0 0.97421875 0.97890625 0.04921875 0.03984375
0 0.978125 0.7234375 0.04140625 0.08828125