0 0.5078125 0.3359375 0.25234375 0.16796875
0 0.028125 0.528125 0.05625 0.065625
0 0.03203125 0.68125 0.0640625 0.06484375
0 0.03203125 0.78046875 0.0640625 0.040625
0 0.03984375 0.61640625 0.0796875 0.04296875
0 0.06328125 0.7375 0.1125 0.071875
0 0.06875 0.81640625 0.1078125 0.07890625
0 0.06875 0.975 0.10703125 0.04765625
0 0.0484375 0.08671875 0.05078125 0.0359375
0 0.0671875 0.4640625 0.07734375 0.05390625
0 0.115625 0.16015625 0.14765625 0.11328125
0 0.078125 0.23515625 0.0515625 0.0359375
0 0.1203125 0.0609375 0.1109375 0.0515625
0 0.13515625 0.7578125 0.0921875 0.07265625
0 0.16875 0.89765625 0.14140625 0.0703125
0 0.1796875 0.5671875 0.13359375 0.125
0 0.3546875 0.609375 0.09453125 0.07890625
0 0.365625 0.83515625 0.09453125 0.03828125
0 0.3640625 0.9515625 0.0515625 0.09609375
0 0.45625 0.8859375 0.115625 0.04609375
0 0.4453125 0.9859375 0.08671875 0.0265625
0 0.4921875 0.67265625 0.08515625 0.0546875
0 0.52578125 0.925 0.046875 0.03203125
0 0.5703125 0.9421875 0.1078125 0.04609375
0 0.5625 0.8640625 0.0859375 0.03125
0 0.590625 0.74375 0.10390625 0.0515625
0 0.59609375 0.6171875 0.1140625 0.0515625
0 0.5875 0.82109375 0.07890625 0.05
0 0.6234375 0.64375 0.1078125 0.04296875
0 0.64375 0.9421875 0.07890625 0.0421875
0 0.6390625 0.7828125 0.0671875 0.0359375
0 0.6546875 0.70703125 0.0734375 0.0359375
0 0.70703125 0.76484375 0.1328125 0.0515625
0 0.6703125 0.64921875 0.053125 0.05625
0 0.696875 0.696875 0.08515625 0.0296875
0 0.803125 0.69375 0.1046875 0.04921875