0 0.0828125 0.559375 0.04609375 0.0484375
0 0.21328125 0.73359375 0.17734375 0.340625
0 0.1796875 0.3984375 0.03828125 0.0359375
0 0.17890625 0.3578125 0.0328125 0.04765625
0 0.2328125 0.471875 0.075 0.05234375
0 0.25078125 0.496875 0.075 0.0390625
0 0.32578125 0.6234375 0.21171875 0.075
0 0.2734375 0.5421875 0.0984375 0.05234375
0 0.3359375 0.5140625 0.2 0.0734375
0 0.3796875 0.46015625 0.2328125 0.06015625
0 0.40234375 0.40859375 0.140625 0.0609375
0 0.4640625 0.57421875 0.12734375 0.06484375
0 0.478125 0.8890625 0.1484375 0.0734375
0 0.48046875 0.49296875 0.084375 0.0515625
0 0.49765625 0.378125 0.090625 0.0390625
0 0.50390625 0.3234375 0.10234375 0.05234375
0 0.534375 0.64453125 0.11796875 0.0546875
0 0.5671875 0.5328125 0.10234375 0.05
0 0.59609375 0.70234375 0.11796875 0.05
0 0.61171875 0.7609375 0.14140625 0.0421875
0 0.58828125 0.5828125 0.065625 0.071875
0 0.61171875 0.4625 0.1046875 0.0765625
0 0.67109375 0.45 0.11796875 0.034375
0 0.67578125 0.66484375 0.12265625 0.09375
0 0.6984375 0.51015625 0.1234375 0.06328125
0 0.70625 0.39453125 0.1078125 0.0328125
0 0.69609375 0.575 0.05 0.053125
0 0.71171875 0.89609375 0.07734375 0.15859375
0 0.7859375 0.778125 0.1484375 0.05703125
0 0.771875 0.82265625 0.10234375 0.08046875
0 0.7484375 0.6734375 0.03671875 0.0671875
0 0.80390625 0.5875 0.0796875 0.04453125
0 0.84453125 0.55390625 0.1546875 0.0390625
0 0.85078125 0.66875 0.11015625 0.0484375
0 0.90546875 0.63515625 0.12734375 0.03359375
0 0.91796875 0.5875 0.11171875 0.0484375
0 0.9359375 0.846875 0.12578125 0.0765625