0 0.015625 0.5078125 0.03125 0.028125
0 0.03984375 0.48125 0.015625 0.01953125
0 0.07109375 0.49140625 0.0140625 0.01484375
0 0.16796875 0.7734375 0.0375 0.0453125
0 0.5921875 0.87578125 0.8140625 0.246875
0 0.21484375 0.571875 0.0484375 0.03515625
0 0.4265625 0.59765625 0.02421875 0.05859375
0 0.46640625 0.55078125 0.021875 0.02578125
0 0.4890625 0.55546875 0.015625 0.02890625
0 0.54609375 0.42109375 0.01796875 0.0328125
0 0.615625 0.47265625 0.04921875 0.04140625
0 0.6234375 0.55078125 0.015625 0.01953125
0 0.6625 0.52109375 0.0390625 0.02578125
0 0.66640625 0.5984375 0.0390625 0.03359375
0 0.8234375 0.50234375 0.0234375 0.02265625
0 0.8609375 0.46328125 0.02734375 0.02421875
0 0.86640625 0.56171875 0.0265625 0.02265625
0 0.95 0.55078125 0.0171875 0.02890625