0 0.3046875 0.69609375 0.1671875 0.1546875
0 0.01796875 0.4203125 0.0359375 0.1453125
0 0.5 0.2640625 0.99921875 0.521875
0 0.03046875 0.67734375 0.05625 0.08515625
0 0.0828125 0.43203125 0.065625 0.09609375
0 0.2140625 0.55859375 0.0359375 0.0671875
0 0.346875 0.0953125 0.1828125 0.1125
0 0.303125 0.61171875 0.0828125 0.0515625
0 0.415625 0.29765625 0.0953125 0.12734375
0 0.41484375 0.46171875 0.08125 0.07421875
0 0.4515625 0.93828125 0.05703125 0.11640625
0 0.484375 0.43984375 0.1078125 0.07734375
0 0.484375 0.5390625 0.03046875 0.0546875
0 0.5375 0.55 0.0546875 0.09140625
0 0.56328125 0.52734375 0.0796875 0.0828125
0 0.61171875 0.484375 0.05390625 0.07109375
0 0.64296875 0.8109375 0.11640625 0.10703125
0 0.646875 0.51171875 0.0609375 0.05859375
0 0.6453125 0.5484375 0.04921875 0.046875
0 0.68046875 0.51796875 0.0390625 0.08984375
0 0.7296875 0.32421875 0.1109375 0.12578125
0 0.72421875 0.525 0.06171875 0.06171875
0 0.73515625 0.440625 0.05078125 0.0546875
0 0.75078125 0.47734375 0.06875 0.053125
0 0.79765625 0.61015625 0.0953125 0.07109375
0 0.821875 0.98671875 0.1046875 0.02421875
0 0.82421875 0.56796875 0.0328125 0.0828125
0 0.915625 0.578125 0.1671875 0.11015625
0 0.86171875 0.5234375 0.0375 0.0515625