0 0.31484375 0.2015625 0.01484375 0.015625
0 0.36171875 0.1421875 0.015625 0.02734375
0 0.3875 0.2359375 0.0265625 0.053125
0 0.3921875 0.0953125 0.0078125 0.01796875
0 0.41640625 0.0953125 0.0109375 0.0328125
0 0.4203125 0.00625 0.01015625 0.009375
0 0.4515625 0.00625 0.0125 0.01015625
0 0.45546875 0.115625 0.01484375 0.03359375
0 0.48359375 0.31953125 0.01796875 0.009375
0 0.50625 0.171875 0.03203125 0.03359375
0 0.503125 0.01796875 0.01171875 0.01171875
0 0.50546875 0.00390625 0.01484375 0.0078125
0 0.509375 0.25234375 0.0078125 0.0234375
0 0.5203125 0.1453125 0.01640625 0.03515625
0 0.5390625 0.0234375 0.015625 0.03359375
0 0.55390625 0.26640625 0.01484375 0.0296875
0 0.5796875 0.309375 0.0140625 0.01171875
0 0.58359375 0.40390625 0.01484375 0.0078125
0 0.65546875 0.5171875 0.00859375 0.02109375