0 0.28203125 0.55078125 0.0796875 0.1203125
0 0.25390625 0.296875 0.5078125 0.58515625
0 0.0484375 0.6484375 0.04921875 0.0328125
0 0.05234375 0.76171875 0.0484375 0.06796875
0 0.084375 0.80703125 0.0453125 0.0671875
0 0.20625 0.74296875 0.02421875 0.0375
0 0.58125 0.1265625 0.01796875 0.02109375
0 0.6046875 0.05546875 0.04375 0.06953125
0 0.6140625 0.078125 0.0203125 0.0375
0 0.65859375 0.31796875 0.02734375 0.08046875
0 0.68359375 0.10703125 0.0296875 0.053125
0 0.6984375 0.40625 0.03984375 0.02890625
0 0.69765625 0.13125 0.0140625 0.03046875
0 0.73359375 0.46875 0.0421875 0.03046875
0 0.7828125 0.465625 0.05078125 0.034375
0 0.79921875 0.20078125 0.0203125 0.12109375
0 0.796875 0.11484375 0.01171875 0.03359375
0 0.8203125 0.05078125 0.009375 0.02734375
0 0.8375 0.17265625 0.0234375 0.06953125
0 0.8453125 0.43203125 0.03125 0.02578125
0 0.8671875 0.1875 0.03515625 0.05703125
0 0.8921875 0.62890625 0.0546875 0.02734375
0 0.9828125 0.7953125 0.03359375 0.12265625