0 0.51328125 0.47734375 0.03125 0.0375
0 0.57734375 0.24765625 0.078125 0.06328125
0 0.58359375 0.46171875 0.0875 0.06796875
0 0.6328125 0.38046875 0.0359375 0.0328125
0 0.64921875 0.2984375 0.0375 0.02421875
0 0.6390625 0.47421875 0.01328125 0.040625
0 0.7171875 0.3484375 0.0421875 0.01796875
0 0.74453125 0.26953125 0.078125 0.0453125
0 0.75625 0.4734375 0.06484375 0.0421875
0 0.8859375 0.1109375 0.18203125 0.1109375
0 0.84609375 0.1828125 0.0734375 0.06015625
0 0.86015625 0.428125 0.0484375 0.02734375
0 0.859375 0.45703125 0.01796875 0.02890625
0 0.87890625 0.259375 0.02109375 0.02734375
0 0.896875 0.26484375 0.02109375 0.02890625
0 0.96796875 0.27578125 0.0375 0.03125