0 0.7390625 0.0921875 0.3078125 0.16875
0 0.05390625 0.7921875 0.0296875 0.040625
0 0.1125 0.4 0.0828125 0.1359375
0 0.09375 0.78828125 0.03203125 0.025
0 0.10234375 0.83984375 0.04609375 0.0578125
0 0.13359375 0.5265625 0.0984375 0.15
0 0.11171875 0.728125 0.0453125 0.0578125
0 0.20234375 0.6 0.16953125 0.1484375
0 0.1921875 0.84296875 0.0578125 0.08046875
0 0.2296875 0.47421875 0.12421875 0.1265625
0 0.2078125 0.54453125 0.078125 0.04765625
0 0.253125 0.2984375 0.1578125 0.1921875
0 0.265625 0.37890625 0.1453125 0.140625
0 0.2578125 0.1703125 0.1140625 0.1734375
0 0.29453125 0.053125 0.1640625 0.10625
0 0.2390625 0.7296875 0.0453125 0.040625
0 0.29296875 0.82109375 0.03359375 0.04375
0 0.34453125 0.14296875 0.1234375 0.15234375
0 0.36015625 0.49375 0.14609375 0.17265625
0 0.375 0.4453125 0.1 0.0765625
0 0.35625 0.69140625 0.03671875 0.0578125
0 0.3625 0.32578125 0.0484375 0.0828125
0 0.36484375 0.74609375 0.03359375 0.03671875
0 0.45 0.57421875 0.1828125 0.13515625
0 0.40390625 0.32578125 0.08828125 0.115625
0 0.44375 0.2015625 0.1109375 0.14140625
0 0.41640625 0.8828125 0.04375 0.07890625
0 0.440625 0.40234375 0.0921875 0.0515625
0 0.48125 0.0484375 0.1625 0.096875
0 0.45 0.4875 0.0796875 0.0953125
0 0.465625 0.15 0.08203125 0.09765625
0 0.465625 0.73046875 0.0296875 0.03125
0 0.57109375 0.4046875 0.23046875 0.1734375
0 0.55625 0.66875 0.1953125 0.18515625
0 0.5375 0.20703125 0.0890625 0.12265625
0 0.609375 0.25234375 0.19296875 0.16328125
0 0.609375 0.54921875 0.19296875 0.11875
0 0.640625 0.69296875 0.0265625 0.02890625
0 0.81875 0.3625 0.2984375 0.17734375
0 0.7125 0.52890625 0.0828125 0.1046875
0 0.76015625 0.175 0.15234375 0.10234375
0 0.84921875 0.565625 0.3 0.20625
0 0.72578125 0.69296875 0.03515625 0.04765625
0 0.7375 0.89296875 0.05703125 0.08046875
0 0.86328125 0.2328125 0.271875 0.19453125
0 0.77578125 0.75546875 0.03515625 0.040625
0 0.8296875 0.79921875 0.0328125 0.06171875
0 0.85703125 0.8828125 0.05390625 0.06015625
0 0.9171875 0.70390625 0.1640625 0.12890625
0 0.9 0.946875 0.06484375 0.10390625
0 0.9609375 0.51328125 0.0765625 0.14765625
0 0.97109375 0.15546875 0.05703125 0.09375