0 0.07265625 0.8078125 0.1 0.06796875
0 0.1859375 0.66171875 0.071875 0.040625
0 0.28359375 0.50625 0.025 0.0234375
0 0.30078125 0.6046875 0.01953125 0.0234375
0 0.33359375 0.525 0.03203125 0.021875
0 0.44921875 0.55859375 0.04296875 0.03046875
0 0.51796875 0.5296875 0.02578125 0.0234375
0 0.5265625 0.75078125 0.03671875 0.05703125
0 0.5875 0.74140625 0.09609375 0.075
0 0.565625 0.5546875 0.02890625 0.015625
0 0.5875 0.52109375 0.025 0.028125
0 0.84296875 0.528125 0.04140625 0.04140625
0 0.94296875 0.621875 0.02890625 0.040625