0 0.10703125 0.13515625 0.165625 0.23515625
0 0.10625 0.57890625 0.184375 0.140625
0 0.15078125 0.48203125 0.02578125 0.01484375
0 0.21015625 0.50234375 0.0296875 0.05078125
0 0.2390625 0.60859375 0.02734375 0.03125
0 0.325 0.3140625 0.1265625 0.2640625
0 0.47265625 0.28125 0.0953125 0.215625
0 0.57265625 0.14921875 0.125 0.25546875
0 0.58515625 0.41328125 0.06953125 0.1859375
0 0.65625 0.35625 0.0453125 0.11953125
0 0.6765625 0.50625 0.0375 0.10859375
0 0.715625 0.20625 0.0953125 0.203125
0 0.69765625 0.3265625 0.03984375 0.08359375
0 0.7171875 0.41171875 0.0453125 0.08671875
0 0.74765625 0.5390625 0.0421875 0.09453125
0 0.7671875 0.48125 0.028125 0.0703125
0 0.78984375 0.5796875 0.01953125 0.06640625
0 0.8015625 0.515625 0.0359375 0.03203125
0 0.8640625 0.31875 0.11171875 0.071875
0 0.83125 0.575 0.0296875 0.07578125
0 0.865625 0.55703125 0.0421875 0.14609375
0 0.91171875 0.3015625 0.121875 0.0609375