0 0.79921875 0.82734375 0.3625 0.3453125
0 0.165625 0.32890625 0.06640625 0.12109375
0 0.19453125 0.22890625 0.0640625 0.11328125
0 0.228125 0.159375 0.0828125 0.1015625
0 0.24296875 0.25703125 0.0546875 0.084375
0 0.24453125 0.37890625 0.05234375 0.09609375
0 0.31328125 0.27578125 0.05703125 0.12109375
0 0.3140625 0.1453125 0.0578125 0.1359375
0 0.3703125 0.303125 0.0421875 0.103125
0 0.41171875 0.23046875 0.07734375 0.0828125
0 0.3984375 0.1421875 0.0375 0.0390625
0 0.4171875 0.1859375 0.06875 0.07578125
0 0.45546875 0.33515625 0.10390625 0.10859375
0 0.49140625 0.26796875 0.1078125 0.0875
0 0.46328125 0.1890625 0.04921875 0.0546875
0 0.52421875 0.21328125 0.08046875 0.0484375
0 0.534375 0.246875 0.05625 0.05
0 0.9546875 0.68828125 0.0890625 0.19765625