0 0.409375 0.37265625 0.09609375 0.146875
0 0.03359375 0.48203125 0.06328125 0.046875
0 0.06015625 0.05234375 0.046875 0.02734375
0 0.1890625 0.43046875 0.07890625 0.05546875
0 0.2484375 0.78203125 0.10390625 0.04375
0 0.25625 0.87265625 0.09296875 0.04453125
0 0.26171875 0.60859375 0.0578125 0.22109375
0 0.3828125 0.7234375 0.04140625 0.11796875
0 0.39375 0.821875 0.0546875 0.0625
0 0.4421875 0.19765625 0.13046875 0.03671875
0 0.4078125 0.5046875 0.03359375 0.109375
0 0.4375 0.25 0.046875 0.08359375
0 0.4296875 0.1421875 0.02734375 0.090625
0 0.46953125 0.040625 0.0765625 0.08125
0 0.565625 0.40390625 0.11953125 0.115625
0 0.6390625 0.48515625 0.1015625 0.18515625
0 0.71328125 0.93984375 0.078125 0.05
0 0.71953125 0.30625 0.071875 0.05
0 0.7359375 0.18515625 0.05859375 0.05703125
0 0.7375 0.5125 0.0375 0.08359375
0 0.76015625 0.44140625 0.08046875 0.04921875
0 0.7859375 0.27578125 0.08203125 0.03671875
0 0.78203125 0.7375 0.0578125 0.10390625
0 0.77578125 0.10078125 0.0390625 0.16640625
0 0.83671875 0.2296875 0.0609375 0.03671875
0 0.85625 0.73046875 0.0515625 0.11484375
0 0.87890625 0.125 0.065625 0.05625
0 0.9703125 0.65703125 0.05859375 0.11484375