0 0.3265625 0.58828125 0.18984375 0.121875
0 0.04375 0.55390625 0.08671875 0.0546875
0 0.0828125 0.48125 0.16484375 0.06328125
0 0.09296875 0.690625 0.13046875 0.1609375
0 0.24765625 0.8234375 0.21015625 0.1296875
0 0.3984375 0.7375 0.265625 0.04921875
0 0.484375 0.81015625 0.20859375 0.0890625
0 0.553125 0.6875 0.19453125 0.10546875
0 0.54140625 0.60625 0.1078125 0.1046875
0 0.65234375 0.88125 0.325 0.0796875
0 0.6015625 0.49765625 0.196875 0.06484375
0 0.72734375 0.5640625 0.24921875 0.04453125
0 0.7421875 0.7359375 0.25625 0.11796875