0 0.1359375 0.2953125 0.13125 0.22265625
0 0.03515625 0.6046875 0.0703125 0.07265625
0 0.12734375 0.87890625 0.2546875 0.16328125
0 0.14609375 0.55625 0.12265625 0.0859375
0 0.18671875 0.625 0.1234375 0.08359375
0 0.2828125 0.67890625 0.0921875 0.06015625
0 0.33515625 0.396875 0.1484375 0.084375
0 0.30703125 0.5109375 0.0703125 0.1015625
0 0.3640625 0.5921875 0.0953125 0.08984375
0 0.40390625 0.67578125 0.0828125 0.09140625
0 0.41484375 0.45625 0.0859375 0.0859375
0 0.43515625 0.51328125 0.0515625 0.06953125
0 0.4609375 0.91953125 0.103125 0.15078125
0 0.4546875 0.59921875 0.07890625 0.07578125
0 0.72734375 0.42109375 0.5390625 0.46328125
0 0.5109375 0.79453125 0.0515625 0.12890625
0 0.57421875 0.71171875 0.10859375 0.0671875