0 0.03046875 0.62578125 0.0234375 0.021875
0 0.06875 0.6734375 0.03984375 0.0625
0 0.0796875 0.58671875 0.01875 0.040625
0 0.1015625 0.615625 0.0328125 0.05234375
0 0.1109375 0.52109375 0.0359375 0.04453125
0 0.15546875 0.7703125 0.053125 0.08984375
0 0.14921875 0.4796875 0.015625 0.025
0 0.1734375 0.4515625 0.05 0.0328125
0 0.2046875 0.88203125 0.0828125 0.03515625
0 0.19375 0.50390625 0.05703125 0.0546875
0 0.184375 0.29765625 0.02265625 0.05859375
0 0.22109375 0.8140625 0.03828125 0.0296875
0 0.24375 0.76796875 0.03828125 0.07578125
0 0.2703125 0.309375 0.05234375 0.06875
0 0.27578125 0.84765625 0.0484375 0.07578125
0 0.28671875 0.08515625 0.0625 0.04296875
0 0.31640625 0.103125 0.0640625 0.040625
0 0.38984375 0.734375 0.08671875 0.05234375
0 0.396875 0.54140625 0.0734375 0.0390625
0 0.3875 0.6703125 0.0453125 0.03671875
0 0.44375 0.75234375 0.075 0.07265625
0 0.4796875 0.8921875 0.0578125 0.11171875
0 0.56171875 0.30703125 0.01640625 0.03359375
0 0.58046875 0.103125 0.03984375 0.046875
0 0.5765625 0.27109375 0.01875 0.02109375
0 0.62109375 0.3625 0.00546875 0.025
0 0.63203125 0.3421875 0.02421875 0.01796875
0 0.64765625 0.3 0.0328125 0.01953125
0 0.65546875 0.69375 0.040625 0.11953125
0 0.64921875 0.36875 0.01640625 0.03359375
0 0.6734375 0.33359375 0.03515625 0.03515625
0 0.69296875 0.94765625 0.0578125 0.0640625
0 0.6890625 0.42421875 0.0265625 0.0234375
0 0.71640625 0.3875 0.0421875 0.03515625
0 0.7171875 0.8890625 0.0375 0.0375
0 0.72109375 0.45625 0.0296875 0.02734375
0 0.73515625 0.5046875 0.03984375 0.0453125
0 0.73515625 0.32734375 0.02421875 0.03515625
0 0.75078125 0.86875 0.05546875 0.0546875
0 0.7390625 0.89609375 0.02421875 0.02734375
0 0.765625 0.34765625 0.06484375 0.046875
0 0.84453125 0.3921875 0.09453125 0.0640625
0 0.846875 0.340625 0.0703125 0.021875
0 0.87421875 0.83046875 0.071875 0.09375
0 0.89921875 0.44375 0.046875 0.02578125
0 0.8921875 0.575 0.03125 0.06640625
0 0.95 0.553125 0.059375 0.0484375
0 0.9625 0.6796875 0.071875 0.06015625