0 0.24140625 0.44921875 0.35 0.32265625
0 0.06328125 0.7859375 0.1265625 0.11953125
0 0.2578125 0.165625 0.515625 0.12734375
0 0.35703125 0.909375 0.56875 0.17890625
0 0.47578125 0.353125 0.35 0.09921875
0 0.54921875 0.2875 0.11015625 0.06796875
0 0.8078125 0.3875 0.38203125 0.26484375
0 0.83359375 0.178125 0.3296875 0.146875
0 0.84609375 0.58671875 0.24296875 0.0859375
0 0.90078125 0.64140625 0.196875 0.07421875
0 0.9125 0.1671875 0.1734375 0.140625
0 0.871875 0.94375 0.0625 0.1109375
0 0.9578125 0.02265625 0.08203125 0.0453125