0 0.11953125 0.28359375 0.06875 0.1109375
0 0.00703125 0.85859375 0.0140625 0.04296875
0 0.0078125 0.728125 0.015625 0.0359375
0 0.01328125 0.20703125 0.0265625 0.05703125
0 0.03515625 0.09921875 0.0703125 0.05859375
0 0.03671875 0.35703125 0.0734375 0.06015625
0 0.05859375 0.90078125 0.1171875 0.0734375
0 0.0328125 0.46640625 0.0640625 0.0890625
0 0.046875 0.67109375 0.0703125 0.11328125
0 0.08671875 0.9359375 0.1421875 0.12578125
0 0.06328125 0.02265625 0.0828125 0.0390625
0 0.0984375 0.765625 0.15 0.07578125
0 0.0609375 0.634375 0.0421875 0.121875
0 0.1046875 0.8046875 0.1015625 0.0796875
0 0.13125 0.8734375 0.128125 0.0734375
0 0.10546875 0.5015625 0.04609375 0.1390625
0 0.10625 0.60078125 0.03828125 0.128125
0 0.146875 0.19921875 0.078125 0.06796875
0 0.16640625 0.9375 0.09375 0.11875
0 0.1859375 0.7296875 0.12578125 0.08671875
0 0.56484375 0.53203125 0.86953125 0.934375
0 0.1734375 0.56953125 0.05390625 0.134375
0 0.209375 0.2734375 0.05859375 0.09296875
0 0.23671875 0.9640625 0.0578125 0.06875
0 0.2515625 0.14921875 0.08203125 0.08203125
0 0.24609375 0.40859375 0.0390625 0.10859375
0 0.275 0.23828125 0.08671875 0.06796875
0 0.28125 0.08125 0.0859375 0.1
0 0.2875 0.0125 0.05625 0.02421875
0 0.31640625 0.26875 0.0796875 0.0578125
0 0.34609375 0.05078125 0.0359375 0.10078125
0 0.35625 0.08203125 0.0421875 0.07578125
0 0.36640625 0.15078125 0.0421875 0.0953125
0 0.3953125 0.29140625 0.06484375 0.05703125
0 0.38359375 0.01328125 0.03828125 0.0265625
0 0.3890625 0.18984375 0.0265625 0.0734375
0 0.41875 0.26796875 0.0703125 0.0359375
0 0.42265625 0.1796875 0.04765625 0.0890625
0 0.434375 0.05859375 0.046875 0.06796875
0 0.44765625 0.09140625 0.0640625 0.0796875
0 0.453125 0.246875 0.07421875 0.09140625
0 0.4640625 0.79140625 0.0921875 0.09140625
0 0.4453125 0.0203125 0.0171875 0.03984375
0 0.4703125 0.196875 0.05 0.0953125
0 0.503125 0.03359375 0.0625 0.0671875
0 0.58203125 0.03828125 0.0640625 0.0765625
0 0.6125 0.12578125 0.0359375 0.07109375
0 0.6328125 0.02578125 0.0125 0.05078125
0 0.6515625 0.13984375 0.04765625 0.0734375
0 0.6890625 0.0671875 0.0734375 0.05859375
0 0.73984375 0.06953125 0.084375 0.05
0 0.759375 0.1171875 0.06484375 0.06328125
0 0.784375 0.16171875 0.06640625 0.0703125
0 0.79609375 0.00625 0.0515625 0.0125
0 0.81875 0.17890625 0.0578125 0.08203125
0 0.81640625 0.94296875 0.040625 0.1109375
0 0.846875 0.21875 0.03046875 0.09765625
0 0.86640625 0.85859375 0.0671875 0.115625
0 0.8984375 0.25390625 0.0765625 0.1140625
0 0.9015625 0.05390625 0.0828125 0.0546875
0 0.88125 0.97578125 0.02421875 0.0453125
0 0.9265625 0.2015625 0.07421875 0.06796875
0 0.9390625 0.3734375 0.078125 0.084375
0 0.9453125 0.31640625 0.07578125 0.0625
0 0.94921875 0.140625 0.0828125 0.03671875
0 0.9453125 0.25625 0.06796875 0.06796875
0 0.9546875 0.078125 0.07421875 0.04140625
0 0.9390625 0.7015625 0.04140625 0.1296875
0 0.95390625 0.13671875 0.05859375 0.07578125
0 0.97265625 0.01875 0.05390625 0.0375
0 0.9734375 0.79375 0.05234375 0.05859375
0 0.9765625 0.25859375 0.0453125 0.0546875
0 0.9859375 0.40703125 0.0265625 0.08671875
0 0.98671875 0.32421875 0.025 0.04765625