0 0.459375 0.89765625 0.11796875 0.07109375
0 0.2515625 0.74609375 0.028125 0.01484375
0 0.265625 0.7953125 0.02109375 0.03046875
0 0.271875 0.70078125 0.028125 0.03125
0 0.271875 0.81796875 0.02109375 0.02578125
0 0.284375 0.8546875 0.03203125 0.05703125
0 0.3046875 0.74453125 0.04609375 0.01796875
0 0.36796875 0.3734375 0.0109375 0.02578125
0 0.68515625 0.93515625 0.090625 0.03828125
0 0.7078125 0.31328125 0.0375 0.01640625
0 0.77578125 0.33359375 0.0484375 0.02578125
0 0.8015625 0.86796875 0.071875 0.03046875
0 0.80625 0.2953125 0.0484375 0.021875
0 0.8359375 0.4046875 0.025 0.01953125
0 0.86796875 0.31171875 0.025 0.00703125
0 0.96015625 0.29609375 0.02109375 0.01796875