0 0.0671875 0.27578125 0.07734375 0.09453125
0 0.10625 0.675 0.05234375 0.16796875
0 0.26796875 0.1984375 0.0734375 0.14609375
0 0.55859375 0.425 0.04140625 0.0703125
0 0.5890625 0.240625 0.09453125 0.15859375
0 0.609375 0.4421875 0.05859375 0.07890625
0 0.65234375 0.21640625 0.04296875 0.04296875
0 0.7 0.28046875 0.08203125 0.08515625
0 0.70625 0.3890625 0.0796875 0.08203125
0 0.71015625 0.128125 0.0890625 0.0734375
0 0.74609375 0.203125 0.07265625 0.08203125
0 0.7671875 0.25625 0.04375 0.03671875
0 0.815625 0.25625 0.06640625 0.134375
0 0.840625 0.55 0.09296875 0.16171875
0 0.85234375 0.3609375 0.04609375 0.08828125
0 0.88984375 0.1796875 0.06796875 0.134375
0 0.88125 0.384375 0.03046875 0.09765625