0 0.02578125 0.2265625 0.021875 0.02578125
0 0.0375 0.16171875 0.0359375 0.0453125
0 0.165625 0.628125 0.2453125 0.5671875
0 0.17890625 0.22578125 0.03046875 0.0578125
0 0.2140625 0.3078125 0.021875 0.0390625
0 0.21875 0.21875 0.0078125 0.02734375
0 0.23359375 0.3828125 0.034375 0.0359375
0 0.2546875 0.25390625 0.0140625 0.0234375
0 0.25546875 0.146875 0.01015625 0.040625
0 0.32578125 0.0640625 0.0234375 0.02421875
0 0.46953125 0.5015625 0.178125 0.33125
0 0.459375 0.25625 0.1015625 0.15390625
0 0.66875 0.3234375 0.0453125 0.1109375
0 0.790625 0.4734375 0.25625 0.6125
0 0.71171875 0.8296875 0.0609375 0.03359375
0 0.98203125 0.421875 0.034375 0.0765625