0 0.4328125 0.71875 0.1359375 0.0578125
0 0.49921875 0.53046875 0.9984375 0.3421875
0 0.02265625 0.7203125 0.04296875 0.0203125
0 0.04453125 0.1375 0.0140625 0.01328125
0 0.08671875 0.9453125 0.09296875 0.0328125
0 0.20625 0.8234375 0.12265625 0.0375
0 0.19140625 0.77578125 0.06171875 0.02578125
0 0.17578125 0.7296875 0.02578125 0.021875
0 0.303125 0.76796875 0.09765625 0.03359375
0 0.30390625 0.9484375 0.0546875 0.05703125
0 0.3078125 0.7015625 0.0515625 0.040625
0 0.36328125 0.27734375 0.0234375 0.0140625
0 0.43984375 0.2796875 0.07109375 0.02265625
0 0.521875 0.2046875 0.0703125 0.0421875
0 0.61640625 0.38359375 0.10390625 0.034375
0 0.69140625 0.834375 0.07734375 0.0203125
0 0.7265625 0.7109375 0.034375 0.015625
0 0.90859375 0.74609375 0.04765625 0.0203125
0 0.965625 0.8671875 0.034375 0.0140625
0 0.971875 0.22421875 0.03671875 0.0234375