0 0.33046875 0.84296875 0.18046875 0.2796875
0 0.240625 0.22578125 0.1109375 0.13671875
0 0.28125 0.340625 0.134375 0.15390625
0 0.328125 0.62578125 0.165625 0.15234375
0 0.3109375 0.5171875 0.1015625 0.0609375
0 0.3328125 0.46484375 0.0828125 0.11328125
0 0.3890625 0.54296875 0.1171875 0.08984375
0 0.3953125 0.265625 0.11875 0.18359375
0 0.4109375 0.3125 0.0859375 0.16328125
0 0.4140625 0.67890625 0.071875 0.16484375
0 0.4546875 0.7109375 0.08046875 0.228125
0 0.5046875 0.33046875 0.0953125 0.13046875
0 0.50625 0.703125 0.0859375 0.109375
0 0.5765625 0.3734375 0.05859375 0.06171875
0 0.69921875 0.38046875 0.1984375 0.26953125
0 0.64921875 0.15234375 0.09609375 0.215625
0 0.8296875 0.109375 0.1578125 0.16875