0 0.28203125 0.4703125 0.1921875 0.12421875
0 0.0453125 0.71015625 0.090625 0.0609375
0 0.05703125 0.9578125 0.1140625 0.08359375
0 0.1140625 0.73203125 0.04140625 0.0546875
0 0.19296875 0.44453125 0.09921875 0.1234375
0 0.184375 0.59765625 0.07734375 0.0453125
0 0.2828125 0.96875 0.1296875 0.0609375
0 0.3359375 0.67265625 0.1578125 0.07890625
0 0.35625 0.28671875 0.090625 0.053125
0 0.39765625 0.22578125 0.16015625 0.0546875
0 0.390625 0.20078125 0.1234375 0.0421875
0 0.4359375 0.94296875 0.12734375 0.0640625
0 0.39609375 0.0625 0.02890625 0.06015625
0 0.471875 0.57734375 0.15390625 0.05703125
0 0.4328125 0.4265625 0.0609375 0.009375
0 0.4125 0.61875 0.01796875 0.0328125
0 0.440625 0.096875 0.05546875 0.0515625
0 0.4625 0.815625 0.0765625 0.2390625
0 0.49453125 0.30078125 0.08984375 0.04609375
0 0.52265625 0.83984375 0.0515625 0.02578125
0 0.57578125 0.35078125 0.15234375 0.07109375
0 0.5375 0.28671875 0.06328125 0.08203125
0 0.60546875 0.71015625 0.16015625 0.12890625
0 0.565625 0.81171875 0.059375 0.15703125
0 0.61328125 0.19453125 0.1265625 0.065625
0 0.58984375 0.95234375 0.0234375 0.09296875
0 0.646875 0.49140625 0.1359375 0.146875
0 0.6375 0.6 0.0265625 0.153125
0 0.6734375 0.409375 0.07890625 0.06953125
0 0.665625 0.93515625 0.0265625 0.12734375
0 0.73671875 0.53515625 0.140625 0.1109375
0 0.6921875 0.9578125 0.0265625 0.08359375
0 0.715625 0.58203125 0.03203125 0.0890625
0 0.73203125 0.92265625 0.04375 0.153125
0 0.74296875 0.7359375 0.0375 0.02578125
0 0.771875 0.64296875 0.0390625 0.0953125
0 0.82734375 0.96328125 0.1453125 0.07265625
0 0.7796875 0.81640625 0.028125 0.1375
0 0.94296875 0.93203125 0.09140625 0.13515625
0 0.93515625 0.77890625 0.06328125 0.03359375
0 0.934375 0.53984375 0.0578125 0.084375
0 0.95234375 0.62421875 0.09453125 0.11171875
0 0.9203125 0.696875 0.0265625 0.08828125
0 0.94296875 0.8453125 0.03515625 0.07890625
0 0.9796875 0.91015625 0.03984375 0.09140625
0 0.98359375 0.76171875 0.03125 0.0328125
0 0.990625 0.8203125 0.01796875 0.02265625