0 0.5625 0.703125 0.2546875 0.13046875
0 0.02578125 0.48515625 0.0515625 0.0421875
0 0.065625 0.9328125 0.13046875 0.11328125
0 0.071875 0.6921875 0.14296875 0.13671875
0 0.0875 0.8375 0.175 0.09375
0 0.09921875 0.4609375 0.18828125 0.03125
0 0.103125 0.54453125 0.16953125 0.0625
0 0.04609375 0.33125 0.040625 0.034375
0 0.0859375 0.36171875 0.0734375 0.02890625
0 0.146875 0.61640625 0.1359375 0.0421875
0 0.12265625 0.7953125 0.0546875 0.06953125
0 0.1171875 0.33046875 0.03671875 0.0328125
0 0.15234375 0.384375 0.07421875 0.04609375
0 0.20078125 0.6078125 0.16171875 0.05234375
0 0.2140625 0.703125 0.1859375 0.13046875
0 0.24140625 0.33359375 0.1546875 0.034375
0 0.28671875 0.92265625 0.20234375 0.03828125
0 0.23046875 0.30859375 0.08203125 0.01484375
0 0.30859375 0.5203125 0.1 0.01953125
0 0.3515625 0.53984375 0.165625 0.04609375
0 0.36328125 0.865625 0.16484375 0.0859375
0 0.3609375 0.78515625 0.1484375 0.15234375
0 0.4015625 0.9265625 0.15859375 0.14453125
0 0.5765625 0.83046875 0.23046875 0.0515625
0 0.59765625 0.56015625 0.18125 0.1
0 0.60859375 0.87890625 0.1765625 0.1015625
0 0.765625 0.515625 0.46796875 0.2484375
0 0.8 0.94921875 0.32109375 0.09921875
0 0.82421875 0.671875 0.34765625 0.0859375
0 0.821875 0.84296875 0.30625 0.08828125
0 0.8125 0.703125 0.2328125 0.04609375
0 0.82734375 0.740625 0.0640625 0.0625
0 0.87890625 0.88359375 0.0875 0.13515625