0 0.4015625 0.65078125 0.80234375 0.3125
0 0.096875 0.94140625 0.19296875 0.11484375
0 0.11796875 0.16796875 0.19375 0.11171875
0 0.140625 0.49609375 0.1015625 0.046875
0 0.14921875 0.2921875 0.05625 0.0875
0 0.246875 0.24609375 0.0484375 0.0703125
0 0.26953125 0.1484375 0.0546875 0.0234375
0 0.28125 0.1203125 0.05859375 0.03515625
0 0.27265625 0.1921875 0.0375 0.0453125
0 0.3109375 0.29609375 0.09765625 0.040625
0 0.3484375 0.8625 0.1 0.1578125
0 0.375 0.27109375 0.08984375 0.0703125
0 0.45859375 0.1734375 0.22265625 0.109375
0 0.4328125 0.82734375 0.1234375 0.06640625
0 0.440625 0.115625 0.0484375 0.025
0 0.625 0.73125 0.14453125 0.07421875
0 0.66328125 0.7953125 0.1890625 0.13125
0 0.61875 0.94140625 0.09765625 0.11484375
0 0.9421875 0.72265625 0.1078125 0.11171875
0 0.96171875 0.5375 0.07265625 0.078125
0 0.96171875 0.81328125 0.07265625 0.0609375