0 0.66796875 0.17890625 0.10625 0.09453125
0 0.04375 0.25234375 0.04296875 0.02890625
0 0.1046875 0.10625 0.0828125 0.04140625
0 0.134375 0.60234375 0.01328125 0.0140625
0 0.4515625 0.4515625 0.16015625 0.09453125
0 0.4359375 0.5640625 0.07734375 0.09453125
0 0.61875 0.50234375 0.07421875 0.03828125
0 0.6015625 0.61875 0.00859375 0.00859375
0 0.628125 0.3515625 0.0296875 0.02578125
0 0.76328125 0.33046875 0.0140625 0.0203125
0 0.7859375 0.35859375 0.0171875 0.0203125
0 0.83828125 0.36640625 0.01796875 0.0140625
0 0.95546875 0.165625 0.02421875 0.03046875
0 0.975 0.428125 0.0171875 0.01875