0 0.4734375 0.78359375 0.0828125 0.07734375
0 0.0140625 0.88671875 0.02734375 0.0515625
0 0.0421875 0.753125 0.0765625 0.03671875
0 0.12265625 0.975 0.171875 0.0484375
0 0.140625 0.64296875 0.0828125 0.02890625
0 0.2296875 0.89140625 0.06171875 0.07109375
0 0.2421875 0.76484375 0.05390625 0.02109375
0 0.34375 0.90546875 0.06171875 0.0546875
0 0.40546875 0.94140625 0.0515625 0.0453125
0 0.44765625 0.85859375 0.0859375 0.05703125
0 0.434375 0.6734375 0.053125 0.03828125
0 0.44375 0.96484375 0.06796875 0.05703125
0 0.446875 0.9125 0.01796875 0.0546875
0 0.55546875 0.88203125 0.125 0.075
0 0.69375 0.9390625 0.08125 0.1015625