0 0.32890625 0.26328125 0.4828125 0.1625
0 0.2828125 0.1484375 0.38359375 0.075
0 0.29296875 0.74609375 0.39296875 0.0921875
0 0.30703125 0.41875 0.421875 0.1015625
0 0.32734375 0.52265625 0.3765625 0.090625
0 0.50234375 0.6328125 0.59296875 0.13515625
0 0.50234375 0.81875 0.56953125 0.05703125
0 0.6515625 0.36484375 0.4453125 0.1125
0 0.684375 0.178125 0.43046875 0.12421875
0 0.71171875 0.4703125 0.3921875 0.1015625
0 0.6875 0.71875 0.3265625 0.0859375
0 0.7421875 0.2734375 0.33828125 0.05625
0 0.75546875 0.54921875 0.20859375 0.0515625