0 0.0359375 0.3578125 0.0453125 0.02421875
0 0.0546875 0.3859375 0.0359375 0.01875
0 0.11640625 0.44296875 0.0328125 0.02578125
0 0.14375 0.3390625 0.025 0.02421875
0 0.1546875 0.371875 0.0203125 0.02421875
0 0.1921875 0.34140625 0.025 0.01875
0 0.19921875 0.42734375 0.021875 0.034375
0 0.228125 0.371875 0.03125 0.02421875
0 0.240625 0.4296875 0.01796875 0.021875
0 0.2578125 0.434375 0.028125 0.0203125
0 0.25078125 0.3859375 0.009375 0.021875
0 0.27109375 0.36484375 0.0203125 0.03125
0 0.315625 0.35546875 0.021875 0.02578125
0 0.34375 0.43046875 0.0234375 0.02734375
0 0.35 0.39453125 0.03359375 0.0171875
0 0.378125 0.40703125 0.0203125 0.01953125
0 0.3984375 0.5875 0.0453125 0.03984375
0 0.4125 0.6390625 0.04296875 0.05
0 0.40390625 0.6859375 0.01640625 0.03671875
0 0.45703125 0.33359375 0.015625 0.015625
0 0.46171875 0.28984375 0.0078125 0.021875
0 0.48515625 0.41171875 0.03515625 0.03125
0 0.47734375 0.47890625 0.01484375 0.02578125
0 0.48828125 0.45625 0.02890625 0.0265625
0 0.509375 0.65234375 0.04375 0.04921875
0 0.525 0.47265625 0.02734375 0.03828125
0 0.5421875 0.42734375 0.025 0.02734375
0 0.575 0.41171875 0.034375 0.034375
0 0.5921875 0.79296875 0.06015625 0.03984375
0 0.61171875 0.37578125 0.0171875 0.0203125
0 0.62109375 0.3890625 0.01640625 0.02578125
0 0.64296875 0.309375 0.00859375 0.015625
0 0.659375 0.3765625 0.00859375 0.0171875
0 0.684375 0.48828125 0.04140625 0.04765625
0 0.72578125 0.72890625 0.0453125 0.06015625
0 0.71796875 0.4046875 0.0234375 0.021875
0 0.715625 0.3125 0.0109375 0.021875
0 0.721875 0.5140625 0.02265625 0.02578125
0 0.740625 0.28125 0.0109375 0.01796875
0 0.746875 0.30546875 0.015625 0.02578125
0 0.75 0.3265625 0.0125 0.02421875
0 0.7625 0.5046875 0.021875 0.01484375
0 0.7640625 0.4109375 0.00859375 0.0203125
0 0.7828125 0.57890625 0.01640625 0.02421875
0 0.81640625 0.31875 0.021875 0.02578125
0 0.878125 0.47890625 0.021875 0.03671875
0 0.9203125 0.24921875 0.0078125 0.015625
0 0.93828125 0.5828125 0.02734375 0.034375
0 0.9828125 0.5078125 0.02578125 0.0296875