0 0.06015625 0.253125 0.1203125 0.0453125
0 0.02890625 0.5890625 0.0421875 0.103125
0 0.05234375 0.0546875 0.03125 0.05859375
0 0.12578125 0.37578125 0.1296875 0.0828125
0 0.11484375 0.859375 0.046875 0.04140625
0 0.159375 0.60703125 0.1078125 0.05703125
0 0.17109375 0.540625 0.1109375 0.05859375
0 0.1734375 0.6515625 0.1125 0.03359375
0 0.1546875 0.0984375 0.059375 0.0671875
0 0.16328125 0.41171875 0.05703125 0.09296875
0 0.209375 0.26875 0.09921875 0.0859375
0 0.25234375 0.1015625 0.08671875 0.096875
0 0.25 0.40390625 0.07265625 0.02890625
0 0.2546875 0.48046875 0.04296875 0.065625
0 0.2953125 0.39140625 0.0859375 0.03984375
0 0.303125 0.01953125 0.0875 0.0390625
0 0.3328125 0.7265625 0.0765625 0.0546875
0 0.33046875 0.971875 0.06953125 0.05390625
0 0.3640625 0.3078125 0.0796875 0.053125
0 0.475 0.31328125 0.1015625 0.05859375
0 0.51328125 0.234375 0.09140625 0.0453125
0 0.525 0.9390625 0.096875 0.07265625
0 0.54375 0.54765625 0.096875 0.08359375
0 0.55859375 0.81796875 0.0796875 0.059375
0 0.59140625 0.44765625 0.1140625 0.0609375
0 0.5953125 0.6640625 0.1109375 0.0328125
0 0.59609375 0.803125 0.0609375 0.10859375
0 0.6640625 0.96328125 0.0765625 0.07265625
0 0.7265625 0.9109375 0.13671875 0.03828125
0 0.71875 0.64453125 0.08203125 0.096875
0 0.76484375 0.48515625 0.1171875 0.02734375
0 0.81015625 0.50703125 0.1484375 0.0671875
0 0.81015625 0.82890625 0.140625 0.046875
0 0.9421875 0.89375 0.0765625 0.09921875